HOLE-ID	FROM	TO	LITHO
DO27-05-01	56.5	58.52	1
DO27-05-02	56	459.5	1
DO27-05-03	59	230	1
DO27-05-04	19	63.4	1
DO27-05-04	63.4	112.5	3
DO27-05-05	21.8	85.8	1
DO27-05-06	37	49.5	1
DO27-05-06	49.5	82.9	3
DO27-05-07	20.5	104.5	1
DO27-05-07	104.5	131	3
DO27-05-07	138.7	218	2
DO27-05-08	20.8	290	1
DO27-05-09	9	95.8	1
DO27-05-09	95.8	117	3
DO27-05-09	125.4	155	2
DO27-05-10	17	100.3	1
DO27-05-10	100.3	123	3
DO27-05-11	44.5	223.5	1
DO27-05-12	36	36.7	2
DO27-05-RC1	59	209	1
DO27-05-RC2	56.5	60	1
DO27-05-RC2	60	124	1
DO27-05-RC3	60	190	1
DO27-05-RC4	57	62	1
DO27-05-RC4	62	93	1
DO27-05-RC5	60	61	1
DO27-05-RC5	61	83	1
DO27-05-RC6	54	77	1
DO27-06-13	35.4	86.3	1
DO27-06-13	86.3	135.4	3
DO27-06-13	135.4	140	1
DO27-06-14	35.4	122.6	1
DO27-06-14	122.6	145.1	3
DO27-06-14	145.1	178.6	2
DO27-06-15	45.5	171.8	1
DO27-06-15	171.8	203.5	2
DO27-06-15	203.5	212.1	1
DO27-06-16	56	305	1
DO27-06-17	47.5	174.3	1
DO27-06-17	174.3	203	2
DO27-06-18	54.1	250	1
DO27-06-19	55.9	251	1
DO27-06-20	54.7	308	1
DO27-06-21	46.6	258.5	1
DO27-06-22	47	269	1
DO27-06-23	57	298.4	1
DO27-06-24	53.2	299.8	1
DO27-06-25	13.7	34.4	1
DO27-06-26	34	72.7	1
DO27-06-26	72.7	86.2	1
DO27-06-26	121	138.7	2
DO27-06-26	174.6	178.3	2
DO27-06-27	32.5	100	1
DO27-06-27	100	135.3	3
DO27-06-27	135.3	187.3	2
DO27-06-28	28	75.3	1
DO27-06-28	75.3	90	3
DO27-06-28	119.5	165	2
DO27-06-29	16.7	66	1
DO27-06-29	66	91.8	3
DO27-06-29	115.5	164.6	2
DO27-06-30	10	78.5	1
DO27-06-30	78.5	108	3
DO27-06-30	128.2	175.3	2
DO27-06-31	31	126.9	1
DO27-06-31	126.9	214.1	3
DO27-06-31	214.1	236.5	2
DO27-06-31	247	352	1
DO27-06-32	31.6	97.4	1
DO27-06-32	97.4	146.3	3
DO27-06-32	146.3	204.7	2
DO27-06-32	204.7	256.4	1
DO27-06-32	302.1	343.6	2
DO27-07-33	61.5	88.5	1
DO27-07-33	88.5	275	1
DO27-07-34	56.3	276	1
DO27-07-36	66.4	92.4	1
DO27-07-36	171.1	195.3	1
DO27-07-36	195.3	199	1
DO27-07-37	119.5	142	1
DO27-07-38	148	208	1
DO27-07-39	89	112.9	1
DO27-07-39	112.9	215.2	1
DO27-07-40	60.2	85.2	1
DO27-07-40	199	212.4	2
DO27-07-40	212.4	232	1
DO27-07-40	232	250	1
DO27-07-41	166.4	248	1
DO27-07-42	228.7	287	1
DO27-07-43	179.6	220.8	1
DO27-07-43	220.8	241.7	1
DO27-07-44	146.1	159.3	1
DO27-07-44	159.3	286	1
DO27-07-45	237.9	265	1
DO27-07-45	265	280	1
DO27-07-46	53.5	66	1
DO27-07-46	66	257.9	1
DO27-07-46	257.9	265	1
DO27-07-47	123.6	199	1
DO27-07-47	199	233	1
DO27-07-48	223.6	240	1
DO27-07-49	155.6	342.3	1
DO27-07-50	276.5	476.6	1
DO27-07-51	295	374	1
DO27-07-52	187	425.5	1
DO27-07-53	171	385.2	1
DO27-07-54	167	440	1
DO27-07-55	419	545	1
DO27-07-56	239	271	1
DO27-07-57	24	160	1
DO27-93-01	41	53	1
DO27-93-02	49	56.5	1
DO27-93-03	26.4	80	1
DO27-93-05	53	61.7	1
DO27-93-05	62.2	138	1
DO27-93-05	139.9	143	2
DO27-93-07	58.8	200	1
DO27-93-09	42	110.4	1
DO27-93-10	44	101.5	1
DO27-93-12	26.1	26.3	2
DO27-93-14	37.2	41.6	1
DO27-93-15	47	52.7	1
DO27-93-15	85.8	86	2
DO27-93-16	56	215	1
DO27-93-17	53	84.5	1
DO27-93-18	48	77.9	1
DO27-93-19	49	145	1
DO27-93-19	145	153	1
DO27-93-19	153	155	2
DO27-93-20	56	73.2	1
DO27-93-20	73.2	161.5	1
DO27-93-21	53	78	1
DO27-93-22	95.5	100.3	2
DO27-93-22	100.7	111.8	2
DO27-93-22	139.1	142.2	2
DO27-93-22	147	161.35	2
DO27-93-22	170.7	184.6	2
DO27-93-23	42.5	51.3	1
DO27-93-23	51.3	52	1
DO27-93-23	52	55.3	2
DO27-93-23	77.4	85	2
DO27-93-24	33.5	52.8	1
DO27-93-24	77.1	78.2	2
DO27-93-24	78.2	104.1	2
DO27-93-24	119.9	142.7	2
DO27-93-25	35	58	1
DO27-93-25	99.2	130.8	2
DO27-93-25	140.3	164	2
DO27-93-26	45.7	57.2	1
DO27-93-26	57.2	60	1
DO27-93-26	60	71	1
DO27-93-26	71.4	81.7	1
DO27-93-26	83.7	90	1
DO27-93-26	135.1	136.3	2
DO27-93-26	160.6	166.1	1
DO27-93-26	166.1	166.9	1
DO27-93-26	178	186.1	1
DO27-93-26	186.1	189.1	1
DO27-93-26	189.1	192.2	1
DO27-93-26	192.2	194	1
DO27-93-26	194	194.9	1
DO27-93-27	49.7	78.7	1
DO27-93-27	141.9	207.8	2
DO27-93-28	32	54.8	1
DO27-93-28	83.6	114.6	2
DO27-93-29	92.3	92.6	2
DO27-93-30	43.8	76.6	1
DO27-93-31	15.6	45.2	1
DO27-93-31	85	97.7	1
DO27-93-31	119.5	127.8	2
DO27-93-31	128.2	145	2
DO27-93-31	145	175	2
DO27-93-31	178.1	184.6	2
DO27-93-32	29	32	1
DO27-93-32	32	38.2	1
DO27-93-32	38.2	102.6	1
DO27-93-32	102.6	121.7	1
DO27-93-32	121.7	132.5	1
DO27-93-33	16.1	71	1
DO27-93-34	35	56.6	2
DO27-93-35	33.9	44.1	1
DO27-93-35	44.9	48.2	1
DO27-93-35	48.2	61.4	1
DO27-93-35	61.4	71.2	1
DO27-93-36	15.8	97.4	1
DO27-93-36	97.4	103.8	1
DO27-93-36	106.6	121.4	2
DO27-93-37	8.7	20.4	1
DO27-93-37	20.4	23.5	1
DO27-93-37	23.5	43.5	1
DO27-93-37	82.8	84.3	2
DO27-93-37	90.6	92.6	2
DO27-93-38	17.4	32.5	1
DO27-93-39	17.4	44.1	1
DO27-93-39	44.1	49.2	1
DO27-93-39	49.2	51.4	1
DO27-93-39	70.7	88.4	1
DO27-93-39	103.1	108.2	1
DO27-93-39	113.9	114.7	2
DO27-93-40	9.1	46.2	1
DO27-93-40	81.4	100.5	2
DO27-93-40	100.5	103.3	2
DO27-93-40	114.2	118.7	2
DO27-93-40	119.2	126.7	2
DO27-93-41	23	49.9	1
DO27-93-41	76.5	97.8	2
DO27-93-41	122.2	142	2
DO27-93-41	144.8	150.6	2
DO27-93-42	37.7	67.3	1
DO27-93-42	67.3	73.7	1
DO27-93-42	114	114.8	2
DO27-93-42	148.7	177	2
DO27-93-42	197	200	2
DO27-93-44	41.2	68	1
DO27-93-44	68	77.1	1
DO27-93-44	77.9	78.6	1
DO27-93-44	79.8	81.8	1
DO27-93-44	81.8	89.3	2
DO27-93-44	115.2	126.7	2
DO27-93-44	127.2	143.8	2
DO27-93-44	146.1	148.2	2
DO27L-06-01	40.2	63	1
DO27L-06-01	63	84.75	1
DO27L-06-02	52	200	1
DO27L-06-02	200	310	1
DO27L-06-02	310	403	1
DO27L-06-03	42	127	1
DO27L-06-03	127	150	1
DO27L-06-03	150	228	2
DO27L-06-04	39	152	1
DO27L-06-04	152	207	2
DO27L-06-04	207	234	1
DO27L-06-04	234	245.5	1
DO27L-06-05	42	53	1
DO27L-06-06	48	180.1	1
DO27L-06-07	55.5	210	1
DO27L-06-07	210	314	1
DO27L-06-08	51	170	1
DO27L-06-08	170	240.59	1
DO27L-06-09	50	235	1
DO27L-06-09	235	383	1
DO27L-06-10	57	110	1
DO27L-06-10	110	145	1
DO27L-06-12	56	63	1
DO27L-06-12	63	109	1
DO27L-07-01	56.5	90	1
DO27L-07-01	90	106	1
DO27L-07-01	106	137	1
DO27L-07-01	137	138	1
DO27L-07-01	138	141	1
DO27L-07-01	141	142	1
DO27L-07-01	142	177	1
DO27L-07-01	177	180	1
DO27L-07-01	180	256.01	1
DO27L-07-02	53.4	57	1
DO27L-07-02	57	61	1
DO27L-07-02	61	158	1
DO27L-07-02	158	159	1
DO27L-07-02	159	258.5	1
DO27L-07-03	55	56	1
DO27L-07-03	56	127.83	1
DO27L-07-04	44.5	94	1
DO27L-07-04	95	98.8	1
DO27L-07-04	98.8	102	1
DO27L-07-04	102	125	1
DO27L-07-04	125	126	1
DO27L-07-04	126	130	1
DO27L-07-04	130	145	3
DO27L-07-04	145	148	3
DO27L-07-04	148	150	3
DO27L-07-04	150	162	3
DO27L-07-04	162	163.14	3
DO27L-07-05	51	170	1
DO27L-07-05	170	171	3
DO27L-07-05	171	176	3
DO27L-07-05	176	180	3
DO27L-07-05	180	192	3
DO27L-07-05	192	199	3
DO27L-07-05	199	205	3
DO27L-07-05	205	244	3
DO27L-07-05	244	255	3
DO27L-07-05	255	269	3
DO27L-07-05	269	275	3
DO27L-07-05	275	280.83	3
DO27L-07-06	36.9	150.69	1
DO27L-07-08	39.9	48	1
DO27L-07-08	48	125	1
DO27L-07-08	125	129	1
DO27L-07-08	129	192.8	1
DO27L-07-09	54	152	1
DO27L-07-09	152	166	1
DO27L-07-09	166	169	3
DO27L-07-09	169	175.01	1
DO27L-07-10	53.7	275.22	1
DO27L-07-11	57	275.3	1
DO27L-07-12	48	160.06	1
DO27L-07-13	35	42	1
DO27L-07-13	43	51	1
DO27L-07-13	51	158.78	1
DO27L-07-14	60	63.5	1
DO27L-07-14	63.5	123	1
DO27L-07-14	123	132	1
DO27L-07-14	132	144	1
DO27L-07-14	144	157	1
DO27L-07-14	157	185.97	1
DO27L-07-16	58	141	1
DO27L-07-16	141	145	1
DO27L-07-16	145	157	1
DO27L-07-16	157	165	1
DO27L-07-16	165	198	1
DO27L-07-16	198	201	1
DO27L-07-16	201	216.39	1
DO27L-07-17	55.8	57	1
DO27L-07-17	57	266.57	1
DO27L-07-18	58	277.12	1
DO27L-07-19	54.5	214	1
DO27L-07-19	214	216	1
DO27L-07-19	216	220	1
DO27L-07-19	220	232	1
DO27L-07-19	232	286	1
DO27L-07-19	286	295.05	1
DO27L-07-20	46.5	50	1
DO27L-07-20	50	52	1
DO27L-07-20	52	119	1
DO27L-07-20	119	136.59	2
DO27L-07-22	55.5	277.01	1
DO27L-07-23	54.5	77	1
DO27L-07-23	77	87	1
DO27L-07-23	87	256.45	1
DO27L-07-24	54.6	284.04	1
DO27L-07-25	54.6	275.71	1
DO27L-NE-01	14	22	1
DO27L-NE-01	22	61	1
DO27L-NE-01	61	63	2
DO27L-NE-01	63	79	1
DO27L-NE-01	79	82	2
DO27L-NE-01	82	95	3
DO27L-NE-01	95	96	3
DO27L-NE-01	96	98	3
DO27L-NE-01	98	98.31	3
DO27L-NE-02	31	41	1
DO27L-NE-02	41	80	1
DO27L-NE-02	80	86	1
DO27L-NE-02	86	119.45	3
DO27L-NE-03	4	14	1
DO27L-NE-03	14	25	1
DO27L-NE-03	25	95	1
DO27L-NE-03	95	104.59	3
DO27L-NE-04	7.7	38	1
DO27L-NE-04	38	96	1
DO27L-NE-04	96	97	3
DO27L-NE-04	97	118.3	3
DO27L-NE-05	28.6	32.6	1
DO27L-NE-05	32.6	35	1
DO27L-NE-05	35	98.44	1
DO27L-NE-05	98.4	111	1
DO27L-NE-05	111	131	3
DO27L-NE-05	131	160.44	2
DO27L-NE-06	27.8	40	1
DO27L-NE-06	40	97	1
DO27L-NE-06	97	102.13	3
DO27-GT06-01	332	484	1
DO27-GT06-05	303.7	331.2	2
DO27-GT06-05	347	361.2	1
DO27-GT06-05	361.2	506.4	1
DO27-GT06-05	512.7	535.4	2
DO27-GT06-06	295	378.7	2
DO27-GT06-06	378.7	427	1
DO27-GT06-07	33	301.8	2
DO27-GT06-09	17.1	92.1	1
DO27-GT06-09	92.1	98.1	3
