DO18-93-01	0	-90	276
DO18-93-02	0	-90	167
DO18-93-03	90	-50	163.8
DO18-93-04	20	-50	179
DO18-93-05	0	-90	101.1
DO18-93-06	360	-50	200
DO18-93-07	180	-50	125
DO18-93-08	90	-50	196
DO18-93-10	0	-90	77
DO18-93-11	180	-50	201
DO27-93-01	0	-90	71
DO27-93-02	0	-90	89
DO27-93-03	0	-90	112
DO27-93-04	0	-90	59
DO27-93-05	0	-90	143
DO27-93-06	0	-90	54.5
DO27-93-07	0	-90	200
DO27-93-08	270	-50	67
DO27-93-09	0	-90	140
DO27-93-10	0	-90	125
DO27-93-11	0	-90	29
DO27-93-12	0	-90	44
DO27-93-13	0	-90	36
DO27-93-14	0	-90	77
DO27-93-15	0	-90	146
DO27-93-16	0	-90	215
DO27-93-17	0	-90	122
DO27-93-18	0	-90	110
DO27-93-19	0	-90	155
DO27-93-20	0	-90	161.5
DO27-93-21	0	-90	110
DO27-93-22	110	-60	198
DO27-93-23	0	-90	85
DO27-93-24	0	-80	181
DO27-93-25	0	-50	182
DO27-93-26	300	-50	308
DO27-93-27	180	-50	239
DO27-93-28	90	-50	158
DO27-93-29	0	-90	122
DO27-93-30	270	-50	101
DO27-93-31	220	-50	273
DO27-93-32	0	-90	132.5
DO27-93-33	270	-50	71
DO27-93-34	180	-50	113
DO27-93-35	0	-90	93.5
DO27-93-36	262	-60	203
DO27-93-37	0	-90	106.5
DO27-93-38	320	-50	32.5
DO27-93-39	320	-50	198
DO27-93-40	90	-68	170
DO27-93-41	0	-90	182
DO27-93-42	270	-50	200
DO27-93-43	160	-50	167
DO27-93-44	270	-70	155
DO18-94-12	0	-50	36.4
DO18-94-13	0	-90	180.7
DO18-96-LD1	0	-90	203.3
DO18-05-01	270	-45	181
DO18-05-02	350.5	-45	151
DO18-05-03	90	-45	117
DO18-05-04	157	-45	167
DO18-05-05	270	-50	112
DO18-05-06	0	-90	206
DO18-05-07	135	-45	240
DO18-05-08	220	-45	179
DO27-05-01	0	-90	58.52
DO27-05-02	0	-90	459.5
DO27-05-03	0	-90	230
DO27-05-04	180	-70	112.5
DO27-05-05	200	-47	99.8
DO27-05-06	80	-45	101
DO27-05-07	273	-70	218
DO27-05-08	265	-45	290
DO27-05-09	265	-86	155
DO27-05-10	348	-45	140
DO27-05-11	240	-45	374
DO27-05-12	230	-45	65
DO27-05-RC01	0	-90	209
DO27-05-RC02	0	-90	124
DO27-05-RC03	0	-90	190
DO27-05-RC04	0	-90	93
DO27-05-RC05	0	-90	83
DO27-05-RC06	0	-90	77
G031-05-01	270	-45	150
W014-05-01	0	-90	30
DO18-06-09	0	-90	301.5
DO18-06-10	0	-90	291.2
DO18-06-11	0	-90	286
DO18-06-12A	0	-90	6
DO18-06-12B	0	-90	299
DO18-06-13	0	-90	295
DO18-06-14	0	-90	299
DO27-06-13	0	-90	140
DO27-06-14	0	-90	178.6
DO27-06-15	0	-90	212.13
DO27-06-16	0	-90	305
DO27-06-17	0	-90	203
DO27-06-18	0	-90	250
DO27-06-19	0	-90	251
DO27-06-20	0	-90	308
DO27-06-21	0	-90	258.5
DO27-06-22	0	-90	269
DO27-06-23	0	-90	298.4
DO27-06-24	0	-90	299.8
DO27-06-25	0	-90	34.4
DO27-06-26	0	-90	215.1
DO27-06-27	0	-90	196.6
DO27-06-28	0	-90	197
DO27-06-29	0	-90	176
DO27-06-30	0	-90	194
DO27-06-31	270	-53	355
DO27-06-32	0	-90	343.6
DO27-06-MZ01	270	-45	158.8
DO27-06-MZ02	90	-45	145
DO27-06-MZ03	270	-45	163
DO27-06-MZ04	270	-45	219
DO27-GT06-01	122	-48	484
DO27-GT06-02	120	-46	349.2
DO27-GT06-03	360	-50	502
DO27-GT06-04	300	-50	352
DO27-GT06-05	300	-50	550.2
DO27-GT06-06	120	-50	427
DO27-GT06-07	228	-50	329
DO27-GT06-08	0	-90	149.1
DO27-GT06-09	0	-90	120.6
DO27-GT06-10	300	-72	100.8
DO27L-06-01	0	-90	84.75
DO27L-06-02	0	-90	403
DO27L-06-03	0	-90	228
DO27L-06-04	0	-90	245.5
DO27L-06-05	0	-90	53
DO27L-06-06	0	-90	180.13
DO27L-06-07	0	-90	314
DO27L-06-08	0	-90	240.59
DO27L-06-09	0	-90	383
DO27L-06-10	0	-90	145
DO27L-06-11	0	-90	38
DO27L-06-12	0	-90	109
DO27L-NE01	0	-90	98.31
DO27L-NE02	0	-90	119.45
DO27-07-33	0	-90	275
DO27-07-34	0	-90	276
DO27-07-36	180	-45	199
DO27-07-37	340	-46	142
DO27-07-38	50	-45	208
DO27-07-39	70	-50	215.2
DO27-07-40	195	-50	250
DO27-07-41	70	-65	248
DO27-07-42	10	-61	287
DO27-07-43	155	-50	241.7
DO27-07-44	10	-47	286
DO27-07-45	155	-61	280
DO27-07-46	300	-45	265
DO27-07-47	300	-60	233
DO27-07-48	300	-55	240
DO27-07-49	300	-45	381
DO27-07-50	125	-48	496
DO27-07-51	90	-60	374
DO27-07-52	110	-45	451
DO27-07-53	90	-45	419
DO27-07-54	285	-45	464.6
DO27-07-55	328	-50	545
DO27-07-56	285	-55	271
DO27-07-57	300	-62	160
DO27L-07-01	0	-90	256.01
DO27L-07-02	0	-90	258.5
DO27L-07-03	0	-90	127.83
DO27L-07-04	0	-90	163.14
DO27L-07-05	0	-90	280.83
DO27L-07-06	0	-90	150.69
DO27L-07-08	0	-90	192.8
DO27L-07-09	0	-90	175.01
DO27L-07-10	0	-90	275.22
DO27L-07-11	0	-90	275.3
DO27L-07-12	0	-90	160.06
DO27L-07-13	0	-90	158.76
DO27L-07-14	0	-90	185.97
DO27L-07-16	0	-90	216.39
DO27L-07-17	0	-90	266.57
DO27L-07-18	0	-90	277.12
DO27L-07-19	0	-90	295.05
DO27L-07-20	0	-90	136.59
DO27L-07-22	0	-90	277.01
DO27L-07-23	0	-90	256.45
DO27L-07-24	0	-90	284.04
DO27L-07-25	0	-90	275.71
DO27L-NE03	0	-90	104.59
DO27L-NE04	0	-90	118.25
DO27L-NE05	0	-90	160.44
DO27L-NE06	0	-90	102.13
LDGE-001-12-DD01	234	-47	108.33
LDGE-007-12-DD01	59	-45	123
LDGE-007-12-DD02	59	-60	134
