HID		Depth 		Azimuth		Dip		
DO18-93-01	0.000000	0.000000	-90.000000
DO18-93-01	276.000000	0.000000	-90.000000
DO18-93-02	0.000000	0.000000	-90.000000
DO18-93-02	167.000000	0.000000	-90.000000
DO18-93-03	0.000000	90.000000	-50.000000
DO18-93-03	163.800000	90.000000	-50.000000
DO18-93-04	0.000000	20.000000	-50.000000
DO18-93-04	179.000000	20.000000	-50.000000
DO18-93-05	0.000000	0.000000	-90.000000
DO18-93-05	101.100000	0.000000	-90.000000
DO18-93-06	0.000000	360.000000	-50.000000
DO18-93-06	200.000000	360.000000	-50.000000
DO18-93-07	0.000000	180.000000	-50.000000
DO18-93-07	125.000000	180.000000	-50.000000
DO18-93-08	0.000000	90.000000	-50.000000
DO18-93-08	196.000000	90.000000	-50.000000
DO18-93-10	0.000000	0.000000	-90.000000
DO18-93-10	77.000000	0.000000	-90.000000
DO18-93-11	0.000000	180.000000	-50.000000
DO18-93-11	201.000000	180.000000	-50.000000
DO27-93-01	0.000000	0.000000	-90.000000
DO27-93-01	71.000000	0.000000	-90.000000
DO27-93-02	0.000000	0.000000	-90.000000
DO27-93-02	89.000000	0.000000	-90.000000
DO27-93-03	0.000000	0.000000	-90.000000
DO27-93-03	112.000000	0.000000	-90.000000
DO27-93-04	0.000000	0.000000	-90.000000
DO27-93-04	59.000000	0.000000	-90.000000
DO27-93-05	0.000000	0.000000	-90.000000
DO27-93-05	143.000000	0.000000	-90.000000
DO27-93-06	0.000000	0.000000	-90.000000
DO27-93-06	54.500000	0.000000	-90.000000
DO27-93-07	0.000000	0.000000	-90.000000
DO27-93-07	200.000000	0.000000	-90.000000
DO27-93-08	0.000000	270.000000	-50.000000
DO27-93-08	67.000000	270.000000	-50.000000
DO27-93-09	0.000000	0.000000	-90.000000
DO27-93-09	140.000000	0.000000	-90.000000
DO27-93-10	0.000000	0.000000	-90.000000
DO27-93-10	125.000000	0.000000	-90.000000
DO27-93-11	0.000000	0.000000	-90.000000
DO27-93-11	29.000000	0.000000	-90.000000
DO27-93-12	0.000000	0.000000	-90.000000
DO27-93-12	44.000000	0.000000	-90.000000
DO27-93-13	0.000000	0.000000	-90.000000
DO27-93-13	36.000000	0.000000	-90.000000
DO27-93-14	0.000000	0.000000	-90.000000
DO27-93-14	77.000000	0.000000	-90.000000
DO27-93-15	0.000000	0.000000	-90.000000
DO27-93-15	146.000000	0.000000	-90.000000
DO27-93-16	0.000000	0.000000	-90.000000
DO27-93-16	215.000000	0.000000	-90.000000
DO27-93-17	0.000000	0.000000	-90.000000
DO27-93-17	122.000000	0.000000	-90.000000
DO27-93-18	0.000000	0.000000	-90.000000
DO27-93-18	110.000000	0.000000	-90.000000
DO27-93-19	0.000000	0.000000	-90.000000
DO27-93-19	155.000000	0.000000	-90.000000
DO27-93-20	0.000000	0.000000	-90.000000
DO27-93-20	161.500000	0.000000	-90.000000
DO27-93-21	0.000000	0.000000	-90.000000
DO27-93-21	110.000000	0.000000	-90.000000
DO27-93-22	0.000000	110.000000	-60.000000
DO27-93-22	198.000000	110.000000	-60.000000
DO27-93-23	0.000000	0.000000	-90.000000
DO27-93-23	85.000000	0.000000	-90.000000
DO27-93-24	0.000000	0.000000	-80.000000
DO27-93-24	181.000000	0.000000	-80.000000
DO27-93-25	0.000000	0.000000	-50.000000
DO27-93-25	182.000000	0.000000	-50.000000
DO27-93-26	0.000000	300.000000	-50.000000
DO27-93-26	308.000000	300.000000	-50.000000
DO27-93-27	0.000000	180.000000	-50.000000
DO27-93-27	239.000000	180.000000	-50.000000
DO27-93-28	0.000000	90.000000	-50.000000
DO27-93-28	158.000000	90.000000	-50.000000
DO27-93-29	0.000000	0.000000	-90.000000
DO27-93-29	122.000000	0.000000	-90.000000
DO27-93-30	0.000000	270.000000	-50.000000
DO27-93-30	101.000000	270.000000	-50.000000
DO27-93-31	0.000000	220.000000	-50.000000
DO27-93-31	273.000000	220.000000	-50.000000
DO27-93-32	0.000000	0.000000	-90.000000
DO27-93-32	132.500000	0.000000	-90.000000
DO27-93-33	0.000000	270.000000	-50.000000
DO27-93-33	71.000000	270.000000	-50.000000
DO27-93-34	0.000000	180.000000	-50.000000
DO27-93-34	113.000000	180.000000	-50.000000
DO27-93-35	0.000000	0.000000	-90.000000
DO27-93-35	93.500000	0.000000	-90.000000
DO27-93-36	0.000000	262.000000	-60.000000
DO27-93-36	203.000000	262.000000	-60.000000
DO27-93-37	0.000000	0.000000	-90.000000
DO27-93-37	106.500000	0.000000	-90.000000
DO27-93-38	0.000000	320.000000	-50.000000
DO27-93-38	32.500000	320.000000	-50.000000
DO27-93-39	0.000000	320.000000	-50.000000
DO27-93-39	198.000000	320.000000	-50.000000
DO27-93-40	0.000000	90.000000	-68.000000
DO27-93-40	170.000000	90.000000	-68.000000
DO27-93-41	0.000000	0.000000	-90.000000
DO27-93-41	182.000000	0.000000	-90.000000
DO27-93-42	0.000000	270.000000	-50.000000
DO27-93-42	200.000000	270.000000	-50.000000
DO27-93-43	0.000000	160.000000	-50.000000
DO27-93-43	167.000000	160.000000	-50.000000
DO27-93-44	0.000000	270.000000	-70.000000
DO27-93-44	155.000000	270.000000	-70.000000
DO18-94-12	0.000000	0.000000	-50.000000
DO18-94-12	36.400000	0.000000	-50.000000
DO18-94-13	0.000000	0.000000	-90.000000
DO18-94-13	180.700000	0.000000	-90.000000
DO18-96-LD1	0.000000	0.000000	-90.000000
DO18-96-LD1	203.300000	0.000000	-90.000000
DO18-05-01	0.000000	270.000000	-45.000000
DO18-05-01	181.000000	270.000000	-45.000000
DO18-05-02	0.000000	350.500000	-45.000000
DO18-05-02	151.000000	350.500000	-45.000000
DO18-05-03	0.000000	90.000000	-45.000000
DO18-05-03	117.000000	90.000000	-45.000000
DO18-05-04	0.000000	157.000000	-45.000000
DO18-05-04	167.000000	157.000000	-45.000000
DO18-05-05	0.000000	270.000000	-50.000000
DO18-05-05	112.000000	270.000000	-50.000000
DO18-05-06	0.000000	0.000000	-90.000000
DO18-05-06	206.000000	0.000000	-90.000000
DO18-05-07	0.000000	135.000000	-45.000000
DO18-05-07	240.000000	135.000000	-45.000000
DO18-05-08	0.000000	220.000000	-45.000000
DO18-05-08	179.000000	220.000000	-45.000000
DO27-05-01	0.000000	0.000000	-90.000000
DO27-05-01	58.520000	0.000000	-90.000000
DO27-05-02	0.000000	0.000000	-90.000000
DO27-05-02	459.500000	0.000000	-90.000000
DO27-05-03	0.000000	0.000000	-90.000000
DO27-05-03	230.000000	0.000000	-90.000000
DO27-05-04	0.000000	180.000000	-70.000000
DO27-05-04	112.500000	180.000000	-70.000000
DO27-05-05	0.000000	200.000000	-47.000000
DO27-05-05	99.800000	200.000000	-47.000000
DO27-05-06	0.000000	80.000000	-45.000000
DO27-05-06	101.000000	80.000000	-45.000000
DO27-05-07	0.000000	273.000000	-70.000000
DO27-05-07	218.000000	273.000000	-70.000000
DO27-05-08	0.000000	265.000000	-45.000000
DO27-05-08	290.000000	265.000000	-45.000000
DO27-05-09	0.000000	265.000000	-86.000000
DO27-05-09	155.000000	265.000000	-86.000000
DO27-05-10	0.000000	348.000000	-45.000000
DO27-05-10	140.000000	348.000000	-45.000000
DO27-05-11	0.000000	240.000000	-45.000000
DO27-05-11	374.000000	240.000000	-45.000000
DO27-05-12	0.000000	230.000000	-45.000000
DO27-05-12	65.000000	230.000000	-45.000000
DO27-05-RC01	0.000000	0.000000	-90.000000
DO27-05-RC01	209.000000	0.000000	-90.000000
DO27-05-RC02	0.000000	0.000000	-90.000000
DO27-05-RC02	124.000000	0.000000	-90.000000
DO27-05-RC03	0.000000	0.000000	-90.000000
DO27-05-RC03	190.000000	0.000000	-90.000000
DO27-05-RC04	0.000000	0.000000	-90.000000
DO27-05-RC04	93.000000	0.000000	-90.000000
DO27-05-RC05	0.000000	0.000000	-90.000000
DO27-05-RC05	83.000000	0.000000	-90.000000
DO27-05-RC06	0.000000	0.000000	-90.000000
DO27-05-RC06	77.000000	0.000000	-90.000000
G031-05-01	0.000000	270.000000	-45.000000
G031-05-01	150.000000	270.000000	-45.000000
W014-05-01	0.000000	0.000000	-90.000000
W014-05-01	30.000000	0.000000	-90.000000
DO18-06-09	0.000000	0.000000	-90.000000
DO18-06-09	301.500000	0.000000	-90.000000
DO18-06-10	0.000000	0.000000	-90.000000
DO18-06-10	291.200000	0.000000	-90.000000
DO18-06-11	0.000000	0.000000	-90.000000
DO18-06-11	286.000000	0.000000	-90.000000
DO18-06-12A	0.000000	0.000000	-90.000000
DO18-06-12A	6.000000	0.000000	-90.000000
DO18-06-12B	0.000000	0.000000	-90.000000
DO18-06-12B	299.000000	0.000000	-90.000000
DO18-06-13	0.000000	0.000000	-90.000000
DO18-06-13	295.000000	0.000000	-90.000000
DO18-06-14	0.000000	0.000000	-90.000000
DO18-06-14	299.000000	0.000000	-90.000000
DO27-06-13	0.000000	0.000000	-90.000000
DO27-06-13	140.000000	0.000000	-90.000000
DO27-06-14	0.000000	0.000000	-90.000000
DO27-06-14	178.600000	0.000000	-90.000000
DO27-06-15	0.000000	0.000000	-90.000000
DO27-06-15	212.130000	0.000000	-90.000000
DO27-06-16	0.000000	0.000000	-90.000000
DO27-06-16	305.000000	0.000000	-90.000000
DO27-06-17	0.000000	0.000000	-90.000000
DO27-06-17	203.000000	0.000000	-90.000000
DO27-06-18	0.000000	0.000000	-90.000000
DO27-06-18	250.000000	0.000000	-90.000000
DO27-06-19	0.000000	0.000000	-90.000000
DO27-06-19	251.000000	0.000000	-90.000000
DO27-06-20	0.000000	0.000000	-90.000000
DO27-06-20	308.000000	0.000000	-90.000000
DO27-06-21	0.000000	0.000000	-90.000000
DO27-06-21	258.500000	0.000000	-90.000000
DO27-06-22	0.000000	0.000000	-90.000000
DO27-06-22	269.000000	0.000000	-90.000000
DO27-06-23	0.000000	0.000000	-90.000000
DO27-06-23	298.400000	0.000000	-90.000000
DO27-06-24	0.000000	0.000000	-90.000000
DO27-06-24	299.800000	0.000000	-90.000000
DO27-06-25	0.000000	0.000000	-90.000000
DO27-06-25	34.400000	0.000000	-90.000000
DO27-06-26	0.000000	0.000000	-90.000000
DO27-06-26	215.100000	0.000000	-90.000000
DO27-06-27	0.000000	0.000000	-90.000000
DO27-06-27	196.600000	0.000000	-90.000000
DO27-06-28	0.000000	0.000000	-90.000000
DO27-06-28	197.000000	0.000000	-90.000000
DO27-06-29	0.000000	0.000000	-90.000000
DO27-06-29	176.000000	0.000000	-90.000000
DO27-06-30	0.000000	0.000000	-90.000000
DO27-06-30	194.000000	0.000000	-90.000000
DO27-06-31	0.000000	270.000000	-53.000000
DO27-06-31	355.000000	270.000000	-53.000000
DO27-06-32	0.000000	0.000000	-90.000000
DO27-06-32	343.600000	0.000000	-90.000000
DO27-06-MZ01	0.000000	270.000000	-45.000000
DO27-06-MZ01	158.800000	270.000000	-45.000000
DO27-06-MZ02	0.000000	90.000000	-45.000000
DO27-06-MZ02	145.000000	90.000000	-45.000000
DO27-06-MZ03	0.000000	270.000000	-45.000000
DO27-06-MZ03	163.000000	270.000000	-45.000000
DO27-06-MZ04	0.000000	270.000000	-45.000000
DO27-06-MZ04	219.000000	270.000000	-45.000000
DO27-GT06-01	0.000000	122.000000	-48.000000
DO27-GT06-01	484.000000	122.000000	-48.000000
DO27-GT06-02	0.000000	120.000000	-46.000000
DO27-GT06-02	349.200000	120.000000	-46.000000
DO27-GT06-03	0.000000	360.000000	-50.000000
DO27-GT06-03	502.000000	360.000000	-50.000000
DO27-GT06-04	0.000000	300.000000	-50.000000
DO27-GT06-04	352.000000	300.000000	-50.000000
DO27-GT06-05	0.000000	300.000000	-50.000000
DO27-GT06-05	550.200000	300.000000	-50.000000
DO27-GT06-06	0.000000	120.000000	-50.000000
DO27-GT06-06	427.000000	120.000000	-50.000000
DO27-GT06-07	0.000000	228.000000	-50.000000
DO27-GT06-07	329.000000	228.000000	-50.000000
DO27-GT06-08	0.000000	0.000000	-90.000000
DO27-GT06-08	149.100000	0.000000	-90.000000
DO27-GT06-09	0.000000	0.000000	-90.000000
DO27-GT06-09	120.600000	0.000000	-90.000000
DO27-GT06-10	0.000000	300.000000	-72.000000
DO27-GT06-10	100.800000	300.000000	-72.000000
DO27L-06-01	0.000000	0.000000	-90.000000
DO27L-06-01	84.750000	0.000000	-90.000000
DO27L-06-02	0.000000	0.000000	-90.000000
DO27L-06-02	403.000000	0.000000	-90.000000
DO27L-06-03	0.000000	0.000000	-90.000000
DO27L-06-03	228.000000	0.000000	-90.000000
DO27L-06-04	0.000000	0.000000	-90.000000
DO27L-06-04	245.500000	0.000000	-90.000000
DO27L-06-05	0.000000	0.000000	-90.000000
DO27L-06-05	53.000000	0.000000	-90.000000
DO27L-06-06	0.000000	0.000000	-90.000000
DO27L-06-06	180.130000	0.000000	-90.000000
DO27L-06-07	0.000000	0.000000	-90.000000
DO27L-06-07	314.000000	0.000000	-90.000000
DO27L-06-08	0.000000	0.000000	-90.000000
DO27L-06-08	240.590000	0.000000	-90.000000
DO27L-06-09	0.000000	0.000000	-90.000000
DO27L-06-09	383.000000	0.000000	-90.000000
DO27L-06-10	0.000000	0.000000	-90.000000
DO27L-06-10	145.000000	0.000000	-90.000000
DO27L-06-11	0.000000	0.000000	-90.000000
DO27L-06-11	38.000000	0.000000	-90.000000
DO27L-06-12	0.000000	0.000000	-90.000000
DO27L-06-12	109.000000	0.000000	-90.000000
DO27L-NE01	0.000000	0.000000	-90.000000
DO27L-NE01	98.310000	0.000000	-90.000000
DO27L-NE02	0.000000	0.000000	-90.000000
DO27L-NE02	119.450000	0.000000	-90.000000
DO27-07-33	0.000000	0.000000	-90.000000
DO27-07-33	275.000000	0.000000	-90.000000
DO27-07-34	0.000000	0.000000	-90.000000
DO27-07-34	276.000000	0.000000	-90.000000
DO27-07-36	0.000000	180.000000	-45.000000
DO27-07-36	199.000000	180.000000	-45.000000
DO27-07-37	0.000000	340.000000	-46.000000
DO27-07-37	142.000000	340.000000	-46.000000
DO27-07-38	0.000000	50.000000	-45.000000
DO27-07-38	208.000000	50.000000	-45.000000
DO27-07-39	0.000000	70.000000	-50.000000
DO27-07-39	215.200000	70.000000	-50.000000
DO27-07-40	0.000000	195.000000	-50.000000
DO27-07-40	250.000000	195.000000	-50.000000
DO27-07-41	0.000000	70.000000	-65.000000
DO27-07-41	248.000000	70.000000	-65.000000
DO27-07-42	0.000000	10.000000	-61.000000
DO27-07-42	287.000000	10.000000	-61.000000
DO27-07-43	0.000000	155.000000	-50.000000
DO27-07-43	241.700000	155.000000	-50.000000
DO27-07-44	0.000000	10.000000	-47.000000
DO27-07-44	286.000000	10.000000	-47.000000
DO27-07-45	0.000000	155.000000	-61.000000
DO27-07-45	280.000000	155.000000	-61.000000
DO27-07-46	0.000000	300.000000	-45.000000
DO27-07-46	265.000000	300.000000	-45.000000
DO27-07-47	0.000000	300.000000	-60.000000
DO27-07-47	233.000000	300.000000	-60.000000
DO27-07-48	0.000000	300.000000	-55.000000
DO27-07-48	240.000000	300.000000	-55.000000
DO27-07-49	0.000000	300.000000	-45.000000
DO27-07-49	381.000000	300.000000	-45.000000
DO27-07-50	0.000000	125.000000	-48.000000
DO27-07-50	496.000000	125.000000	-48.000000
DO27-07-51	0.000000	90.000000	-60.000000
DO27-07-51	374.000000	90.000000	-60.000000
DO27-07-52	0.000000	110.000000	-45.000000
DO27-07-52	451.000000	110.000000	-45.000000
DO27-07-53	0.000000	90.000000	-45.000000
DO27-07-53	419.000000	90.000000	-45.000000
DO27-07-54	0.000000	285.000000	-45.000000
DO27-07-54	464.600000	285.000000	-45.000000
DO27-07-55	0.000000	328.000000	-50.000000
DO27-07-55	545.000000	328.000000	-50.000000
DO27-07-56	0.000000	285.000000	-55.000000
DO27-07-56	271.000000	285.000000	-55.000000
DO27-07-57	0.000000	300.000000	-62.000000
DO27-07-57	160.000000	300.000000	-62.000000
DO27L-07-01	0.000000	0.000000	-90.000000
DO27L-07-01	256.010000	0.000000	-90.000000
DO27L-07-02	0.000000	0.000000	-90.000000
DO27L-07-02	258.500000	0.000000	-90.000000
DO27L-07-03	0.000000	0.000000	-90.000000
DO27L-07-03	127.830000	0.000000	-90.000000
DO27L-07-04	0.000000	0.000000	-90.000000
DO27L-07-04	163.140000	0.000000	-90.000000
DO27L-07-05	0.000000	0.000000	-90.000000
DO27L-07-05	280.830000	0.000000	-90.000000
DO27L-07-06	0.000000	0.000000	-90.000000
DO27L-07-06	150.690000	0.000000	-90.000000
DO27L-07-08	0.000000	0.000000	-90.000000
DO27L-07-08	192.800000	0.000000	-90.000000
DO27L-07-09	0.000000	0.000000	-90.000000
DO27L-07-09	175.010000	0.000000	-90.000000
DO27L-07-10	0.000000	0.000000	-90.000000
DO27L-07-10	275.220000	0.000000	-90.000000
DO27L-07-11	0.000000	0.000000	-90.000000
DO27L-07-11	275.300000	0.000000	-90.000000
DO27L-07-12	0.000000	0.000000	-90.000000
DO27L-07-12	160.060000	0.000000	-90.000000
DO27L-07-13	0.000000	0.000000	-90.000000
DO27L-07-13	158.760000	0.000000	-90.000000
DO27L-07-14	0.000000	0.000000	-90.000000
DO27L-07-14	185.970000	0.000000	-90.000000
DO27L-07-16	0.000000	0.000000	-90.000000
DO27L-07-16	216.390000	0.000000	-90.000000
DO27L-07-17	0.000000	0.000000	-90.000000
DO27L-07-17	266.570000	0.000000	-90.000000
DO27L-07-18	0.000000	0.000000	-90.000000
DO27L-07-18	277.120000	0.000000	-90.000000
DO27L-07-19	0.000000	0.000000	-90.000000
DO27L-07-19	295.050000	0.000000	-90.000000
DO27L-07-20	0.000000	0.000000	-90.000000
DO27L-07-20	136.590000	0.000000	-90.000000
DO27L-07-22	0.000000	0.000000	-90.000000
DO27L-07-22	277.010000	0.000000	-90.000000
DO27L-07-23	0.000000	0.000000	-90.000000
DO27L-07-23	256.450000	0.000000	-90.000000
DO27L-07-24	0.000000	0.000000	-90.000000
DO27L-07-24	284.040000	0.000000	-90.000000
DO27L-07-25	0.000000	0.000000	-90.000000
DO27L-07-25	275.710000	0.000000	-90.000000
DO27L-NE03	0.000000	0.000000	-90.000000
DO27L-NE03	104.590000	0.000000	-90.000000
DO27L-NE04	0.000000	0.000000	-90.000000
DO27L-NE04	118.250000	0.000000	-90.000000
DO27L-NE05	0.000000	0.000000	-90.000000
DO27L-NE05	160.440000	0.000000	-90.000000
DO27L-NE06	0.000000	0.000000	-90.000000
DO27L-NE06	102.130000	0.000000	-90.000000
LDGE-001-12-DD01	0.000000	234.000000	-47.000000
LDGE-001-12-DD01	108.330000	234.000000	-47.000000
LDGE-007-12-DD01	0.000000	59.000000	-45.000000
LDGE-007-12-DD01	123.000000	59.000000	-45.000000
LDGE-007-12-DD02	0.000000	59.000000	-60.000000
LDGE-007-12-DD02	134.000000	59.000000	-60.000000
