557550.453613 7133590.000000 405.223541
557548.473145 7133590.000000 405.095795
557546.493164 7133590.000000 404.968018
557544.512695 7133590.000000 404.840271
557542.532227 7133590.000000 404.712524
557540.552246 7133590.000000 404.584747
557538.571777 7133590.000000 404.457001
557536.591797 7133590.000000 404.329224
557534.611328 7133590.000000 404.201477
557532.822754 7133590.000000 404.031128
557531.034180 7133590.000000 403.860779
557529.245605 7133590.000000 403.690460
557527.457031 7133590.000000 403.520111
557525.668457 7133590.000000 403.349762
557523.879883 7133590.000000 403.179413
557522.091309 7133590.000000 403.243286
557520.302734 7133590.000000 403.307190
557518.514160 7133590.000000 403.371063
557516.725586 7133590.000000 403.434937
557514.937012 7133590.000000 403.498810
557513.148438 7133590.000000 403.562683
557511.359863 7133590.000000 403.626587
557509.571289 7133590.000000 403.690460
557507.600098 7133590.000000 403.763458
557505.628906 7133590.000000 403.836456
557503.657715 7133590.000000 403.909454
557501.687012 7133590.000000 403.982483
557499.715820 7133590.000000 404.055481
557497.744629 7133590.000000 404.128479
557495.773438 7133590.000000 404.201477
557494.013184 7133590.000000 404.542175
557492.252930 7133590.000000 404.882843
557490.492676 7133590.000000 405.223541
557488.732422 7133590.000000 405.564240
557486.972168 7133590.000000 405.904907
557485.211914 7133590.000000 406.245605
557483.451660 7133590.000000 406.586304
557481.691406 7133590.000000 406.926971
557479.931152 7133590.000000 407.267670
557478.057617 7133590.000000 407.494781
557476.183594 7133590.000000 407.721924
557474.310059 7133590.000000 407.949036
557472.436035 7133590.000000 408.176147
557470.562500 7133590.000000 408.403290
557468.688477 7133590.000000 408.630402
557466.814941 7133590.000000 408.857513
557464.940918 7133590.000000 409.084656
557463.067383 7133590.000000 409.311768
557461.176758 7133590.000000 409.362885
557459.285645 7133590.000000 409.413971
557457.395020 7133590.000000 409.465088
557455.503906 7133590.000000 409.516174
557453.613281 7133590.000000 409.567291
557451.722656 7133590.000000 409.618408
557449.831543 7133590.000000 409.669495
557447.940918 7133590.000000 409.720612
557446.049805 7133590.000000 409.771698
557444.159180 7133590.000000 409.822815
557442.217285 7133590.000000 409.720612
557440.275391 7133590.000000 409.618408
557438.333496 7133590.000000 409.516205
557436.391602 7133590.000000 409.414001
557434.449707 7133590.000000 409.311768
557432.507813 7133590.000000 409.209564
557430.565918 7133590.000000 409.107361
557428.624023 7133590.000000 409.005157
557426.682129 7133590.000000 408.902954
557424.740234 7133590.000000 408.800751
557423.036621 7133590.000000 407.778687
557421.333496 7133590.000000 406.756653
557419.629883 7133590.000000 405.734589
557417.926270 7133590.000000 404.712524
557416.223145 7133590.000000 403.690491
557414.519531 7133590.000000 402.668427
557413.100098 7133590.000000 401.589600
557411.680664 7133590.000000 400.510742
557410.260742 7133590.000000 399.431915
557408.841309 7133590.000000 398.353058
557407.421875 7133590.000000 397.274231
557406.002441 7133590.000000 396.195374
557404.582520 7133590.000000 395.116547
557403.163086 7133590.000000 394.037689
557401.743652 7133590.000000 392.958862
557400.040039 7133590.000000 391.993591
557398.336914 7133590.000000 391.028320
557396.633301 7133590.000000 390.063019
557394.930176 7133590.000000 389.097748
557393.226563 7133590.000000 388.132477
557391.523438 7133590.000000 387.167206
557389.819824 7133590.000000 386.201904
557388.116699 7133590.000000 385.236633
557386.413086 7133590.000000 384.271362
557384.688477 7133590.000000 383.696442
557382.963867 7133590.000000 383.121521
557381.238770 7133590.000000 382.546631
557379.514160 7133590.000000 381.971710
557377.789551 7133590.000000 381.396790
557376.064453 7133590.000000 380.821899
557374.339844 7133590.000000 380.246979
557372.615234 7133590.000000 379.672058
557370.762695 7133590.000000 379.544312
557368.910156 7133590.000000 379.416565
557367.057617 7133590.000000 379.288788
557365.205078 7133590.000000 379.161041
557363.353027 7133590.000000 379.033295
557361.500488 7133590.000000 378.905518
557359.647949 7133590.000000 378.777771
557357.795410 7133590.000000 378.650024
557355.978516 7133590.000000 378.763580
557354.161621 7133590.000000 378.877136
557352.344238 7133590.000000 378.990692
557350.527344 7133590.000000 379.104248
557348.710449 7133590.000000 379.217834
557346.893555 7133590.000000 379.331390
557345.076172 7133590.000000 379.444946
557343.259277 7133590.000000 379.558502
557341.442383 7133590.000000 379.672058
557339.568848 7133590.000000 379.274597
557337.694824 7133590.000000 378.877136
557335.821289 7133590.000000 378.479645
557333.947266 7133590.000000 378.082184
557332.073730 7133590.000000 377.684723
557330.199707 7133590.000000 377.287262
557328.326172 7133590.000000 376.889771
557326.452148 7133590.000000 376.492310
557324.578613 7133590.000000 376.094849
557322.790039 7133590.000000 375.903198
557321.001465 7133590.000000 375.711578
557319.212891 7133590.000000 375.519958
557317.423828 7133590.000000 375.328308
557315.635254 7133590.000000 375.136658
557313.846680 7133590.000000 374.945038
557312.058105 7133590.000000 374.753418
557310.269531 7133590.000000 374.561768
557308.371582 7133590.000000 374.488770
557306.473145 7133590.000000 374.415771
557304.575195 7133590.000000 374.342773
557302.677246 7133590.000000 374.269745
557300.779297 7133590.000000 374.196747
557298.880859 7133590.000000 374.123749
557296.982910 7133590.000000 374.050751
557295.092285 7133590.000000 373.795227
557293.201172 7133590.000000 373.539734
557291.310547 7133590.000000 373.284210
557289.419434 7133590.000000 373.028687
557287.528809 7133590.000000 372.773163
557285.638184 7133590.000000 372.517670
557283.747070 7133590.000000 372.262146
557281.856445 7133590.000000 372.006622
557279.965332 7133590.000000 371.751129
557278.074707 7133590.000000 371.495605
557276.257813 7133590.000000 371.609161
557274.440918 7133590.000000 371.722748
557272.623535 7133590.000000 371.836304
557270.806641 7133590.000000 371.949860
557268.989746 7133590.000000 372.063446
557267.172852 7133590.000000 372.177002
557265.355469 7133590.000000 372.290558
557263.538574 7133590.000000 372.404144
557261.721680 7133590.000000 372.517700
557259.969727 7133590.000000 373.320740
557258.217285 7133590.000000 374.123779
557256.465332 7133590.000000 374.926819
557254.713379 7133590.000000 375.729889
557252.961426 7133590.000000 376.532928
557251.208984 7133590.000000 377.335968
557249.457031 7133590.000000 378.139008
557247.645020 7133590.000000 377.860260
557245.833496 7133590.000000 377.581512
557244.021484 7133590.000000 377.302765
557242.209473 7133590.000000 377.024017
557240.397949 7133590.000000 376.745270
557238.585938 7133590.000000 376.466553
557236.774414 7133590.000000 376.187805
557234.962402 7133590.000000 375.909058
557233.150391 7133590.000000 375.630310
557231.338867 7133590.000000 375.351563
557229.526855 7133590.000000 375.072815
557227.596191 7133590.000000 374.845703
557225.665527 7133590.000000 374.618561
557223.735352 7133590.000000 374.391449
557221.804688 7133590.000000 374.164307
557219.874023 7133590.000000 373.937195
557217.943359 7133590.000000 373.710052
557216.013184 7133590.000000 373.482941
557214.082520 7133590.000000 373.255798
557212.151855 7133590.000000 373.028687
557210.334961 7133590.000000 373.482941
557208.518066 7133590.000000 373.937195
557206.700684 7133590.000000 374.391449
557204.883789 7133590.000000 374.845703
557203.066895 7133590.000000 375.299927
557201.250000 7133590.000000 375.754181
557199.432617 7133590.000000 376.208435
557197.615723 7133590.000000 376.662689
557195.798828 7133590.000000 377.116943
557194.223145 7133590.000000 378.139008
557192.647461 7133590.000000 379.161072
557191.071777 7133590.000000 380.183105
557189.496094 7133590.000000 381.205170
557187.920410 7133590.000000 382.227234
557186.344727 7133590.000000 383.249298
557184.769531 7133590.000000 384.271362
557183.193848 7133590.000000 385.293427
557181.618164 7133590.000000 386.315460
557180.042480 7133590.000000 387.337524
557178.466797 7133590.000000 388.359589
557176.891113 7133590.000000 389.381653
557175.503906 7133590.000000 390.768738
557174.117188 7133590.000000 392.155792
557172.729980 7133590.000000 393.542877
557171.342773 7133590.000000 394.929962
557169.955566 7133590.000000 396.317047
557168.568848 7133590.000000 397.704102
557167.181641 7133590.000000 399.091187
557165.520508 7133590.000000 400.113251
557163.859863 7133590.000000 401.135315
557162.199219 7133590.000000 402.157349
557160.538086 7133590.000000 403.179413
557158.902832 7133590.000000 404.099274
557157.267578 7133590.000000 405.019135
557155.632324 7133590.000000 405.938965
557153.997070 7133590.000000 406.858826
557152.361816 7133590.000000 407.778687
557150.402832 7133590.000000 408.119385
557148.443848 7133590.000000 408.460052
557146.484863 7133590.000000 408.800751
557144.525879 7133590.000000 409.141449
557142.566895 7133590.000000 409.482117
557140.607910 7133590.000000 409.822815
557138.666016 7133590.000000 410.027222
557136.724121 7133590.000000 410.231628
557134.782227 7133590.000000 410.436066
557132.840332 7133590.000000 410.640472
557130.898438 7133590.000000 410.844879
557165.841309 7133590.000000 399.915924
557166.234863 7133590.000000 398.245392
557166.628906 7133590.000000 396.574829
557167.022461 7133590.000000 394.904297
557167.416016 7133590.000000 393.233765
557167.810059 7133590.000000 391.563202
557168.203613 7133590.000000 389.892670
557168.568848 7133590.000000 388.140564
557168.933594 7133590.000000 386.388458
557169.298828 7133590.000000 384.636353
557169.663574 7133590.000000 382.884277
557170.028809 7133590.000000 381.132172
557170.393555 7133590.000000 379.380066
557170.758789 7133590.000000 377.627960
557171.269531 7133590.000000 375.775482
557171.780762 7133590.000000 373.923004
557172.291992 7133590.000000 372.070526
557172.802734 7133590.000000 370.218048
557173.313477 7133590.000000 368.365570
557173.824707 7133590.000000 366.513092
557174.335938 7133590.000000 364.660614
557174.846680 7133590.000000 362.808136
557175.065918 7133590.000000 360.946533
557175.284668 7133590.000000 359.084930
557175.503906 7133590.000000 357.223297
557175.722656 7133590.000000 355.361694
557175.941895 7133590.000000 353.500092
557176.160645 7133590.000000 351.638489
557176.379883 7133590.000000 349.776855
557176.599121 7133590.000000 347.915253
557176.817871 7133590.000000 346.053650
557177.037109 7133590.000000 344.192047
557177.255859 7133590.000000 342.330444
557177.475098 7133590.000000 340.468811
557177.693848 7133590.000000 338.607208
557177.913086 7133590.000000 336.745605
557178.041016 7133590.000000 334.829254
557178.168457 7133590.000000 332.912903
557178.296387 7133590.000000 330.996521
557178.424316 7133590.000000 329.080170
557178.551758 7133590.000000 327.163818
557178.679688 7133590.000000 325.247437
557178.807617 7133590.000000 323.331085
557178.935059 7133590.000000 321.414734
557179.062988 7133590.000000 319.498383
557179.190918 7133590.000000 317.582031
557179.318359 7133590.000000 315.665649
557179.446289 7133590.000000 313.749298
557179.665039 7133590.000000 311.778198
557179.884277 7133590.000000 309.807068
557180.103516 7133590.000000 307.835968
557180.322266 7133590.000000 305.864838
557180.541016 7133590.000000 303.893738
557180.760254 7133590.000000 301.922607
557180.979492 7133590.000000 299.951508
557181.198242 7133590.000000 297.980408
557181.416992 7133590.000000 296.009277
557181.636230 7133590.000000 294.038177
557181.855469 7133590.000000 292.067047
557182.074219 7133590.000000 290.095947
557182.292969 7133590.000000 288.124817
557182.512207 7133590.000000 286.153717
557182.708984 7133590.000000 284.306152
557182.905273 7133590.000000 282.458588
557183.102051 7133590.000000 280.611023
557183.298340 7133590.000000 278.763458
557183.495117 7133590.000000 276.915894
557183.691406 7133590.000000 275.068329
557183.888184 7133590.000000 273.220734
557184.084473 7133590.000000 271.373169
557184.281250 7133590.000000 269.525604
557184.477539 7133590.000000 267.678040
557184.674316 7133590.000000 265.830475
557184.870605 7133590.000000 263.982910
557185.067383 7133590.000000 262.135345
557185.067383 7133590.000000 260.209167
557185.067383 7133590.000000 258.282959
557185.067383 7133590.000000 256.356781
557185.067383 7133590.000000 254.430588
557185.067383 7133590.000000 252.504410
557185.067383 7133590.000000 250.578217
557185.067383 7133590.000000 248.652023
557185.067383 7133590.000000 246.725830
557185.067383 7133590.000000 244.799652
557185.067383 7133590.000000 242.873459
557185.067383 7133590.000000 240.947266
557185.067383 7133590.000000 239.021088
557185.067383 7133590.000000 237.094894
557185.181152 7133590.000000 235.192734
557185.294434 7133590.000000 233.290558
557185.408203 7133590.000000 231.388397
557185.521484 7133590.000000 229.486237
557185.635254 7133590.000000 227.584076
557185.748535 7133590.000000 225.681900
557185.862305 7133590.000000 223.779739
557185.975586 7133590.000000 221.877579
557186.089355 7133590.000000 219.975403
557186.203125 7133590.000000 218.073242
557186.316406 7133590.000000 216.171082
557186.430176 7133590.000000 214.268921
557186.543457 7133590.000000 212.366745
557186.657227 7133590.000000 210.464584
557186.770508 7133590.000000 208.562424
557186.884277 7133590.000000 206.660263
557186.997559 7133590.000000 204.758087
557187.111328 7133590.000000 202.855927
557187.220703 7133590.000000 200.994324
557187.330566 7133590.000000 199.132706
557187.439941 7133590.000000 197.271103
557187.549316 7133590.000000 195.409500
557187.658691 7133590.000000 193.547897
557187.768555 7133590.000000 191.686279
557187.877930 7133590.000000 189.824677
557187.987305 7133590.000000 187.963074
557188.097168 7133590.000000 186.101456
557188.206543 7133590.000000 184.239853
557188.315918 7133590.000000 182.378250
557188.425293 7133590.000000 180.516647
557188.535156 7133590.000000 178.655029
557188.644531 7133590.000000 176.793427
557188.814941 7133590.000000 174.834564
557188.985352 7133590.000000 172.875702
557189.155762 7133590.000000 170.916840
557189.326660 7133590.000000 168.957977
557189.497070 7133590.000000 166.999115
557189.667480 7133590.000000 165.040253
557189.837891 7133590.000000 163.081390
557190.008301 7133590.000000 161.122543
557190.178711 7133590.000000 159.163681
557190.349121 7133590.000000 157.204819
557190.519531 7133590.000000 155.245956
557190.690430 7133590.000000 153.287094
557190.860840 7133590.000000 151.328232
557191.031250 7133590.000000 149.369370
557191.201660 7133590.000000 147.410507
557193.169434 7133590.000000 147.405472
557195.137695 7133590.000000 147.400421
557197.105469 7133590.000000 147.395386
557199.073730 7133590.000000 147.390350
557201.041504 7133590.000000 147.385315
557203.009766 7133590.000000 147.380264
557204.977539 7133590.000000 147.375229
557206.945801 7133590.000000 147.370193
557208.913574 7133590.000000 147.365158
557210.881348 7133590.000000 147.360107
557212.849609 7133590.000000 147.355072
557214.817383 7133590.000000 147.350037
557216.785645 7133590.000000 147.344986
557218.753418 7133590.000000 147.339951
557220.721680 7133590.000000 147.334915
557222.689453 7133590.000000 147.329880
557224.657715 7133590.000000 147.324829
557226.625488 7133590.000000 147.319794
557228.593262 7133590.000000 147.314758
557230.561523 7133590.000000 147.309708
557232.529297 7133590.000000 147.304672
557234.497559 7133590.000000 147.299637
557236.465332 7133590.000000 147.294601
557238.433594 7133590.000000 147.289551
557240.401367 7133590.000000 147.284515
557242.369629 7133590.000000 147.279480
557244.337402 7133590.000000 147.274445
557246.305664 7133590.000000 147.269394
557248.273438 7133590.000000 147.264359
557250.241211 7133590.000000 147.259323
557252.209473 7133590.000000 147.254272
557254.177246 7133590.000000 147.249237
557256.145508 7133590.000000 147.244202
557258.113281 7133590.000000 147.239166
557260.081543 7133590.000000 147.234116
557262.049316 7133590.000000 147.229080
557264.017578 7133590.000000 147.224045
557265.985352 7133590.000000 147.218994
557267.953125 7133590.000000 147.213959
557269.921387 7133590.000000 147.208923
557271.889160 7133590.000000 147.203888
557273.857422 7133590.000000 147.198837
557275.825195 7133590.000000 147.193802
557277.793457 7133590.000000 147.188766
557279.761230 7133590.000000 147.183731
557281.729492 7133590.000000 147.178680
557283.697266 7133590.000000 147.173645
557283.770020 7133590.000000 149.070328
557283.843262 7133590.000000 150.967010
557283.916016 7133590.000000 152.863708
557283.988770 7133590.000000 154.760391
557284.062012 7133590.000000 156.657074
557284.134766 7133590.000000 158.553757
557284.207520 7133590.000000 160.450455
557284.280762 7133590.000000 162.347137
557284.353516 7133590.000000 164.243820
557284.426758 7133590.000000 166.140503
557284.499512 7133590.000000 168.037186
557284.572266 7133590.000000 169.933884
557284.645508 7133590.000000 171.830566
557284.718262 7133590.000000 173.727249
557285.189941 7133590.000000 175.614120
557285.661621 7133590.000000 177.501007
557286.133301 7133590.000000 179.387878
557286.604980 7133590.000000 181.274765
557287.076660 7133590.000000 183.161636
557287.548340 7133590.000000 185.048523
557288.020508 7133590.000000 186.935394
557288.492188 7133590.000000 188.822281
557288.963867 7133590.000000 190.709152
557289.435547 7133590.000000 192.596039
557289.907227 7133590.000000 194.482910
557290.378906 7133590.000000 196.369797
557290.850586 7133590.000000 198.256668
557291.558105 7133590.000000 200.025620
557292.265625 7133590.000000 201.794571
557292.973145 7133590.000000 203.563507
557293.680664 7133590.000000 205.332458
557294.388184 7133590.000000 207.101410
557295.095703 7133590.000000 208.870361
557295.803711 7133590.000000 210.639297
557296.511230 7133590.000000 212.408249
557297.218750 7133590.000000 214.177200
557297.926270 7133590.000000 215.946152
557298.633789 7133590.000000 217.715088
557299.341309 7133590.000000 219.484039
557300.048828 7133590.000000 221.252991
557301.070801 7133590.000000 222.822586
557302.092773 7133590.000000 224.392166
557303.115234 7133590.000000 225.961761
557304.137207 7133590.000000 227.531357
557305.159180 7133590.000000 229.100952
557306.181152 7133590.000000 230.670532
557307.203613 7133590.000000 232.240128
557308.225586 7133590.000000 233.809723
557309.247559 7133590.000000 235.379303
557310.269531 7133590.000000 236.948898
557311.291504 7133590.000000 238.518494
557312.313965 7133590.000000 240.088089
557313.335938 7133590.000000 241.657669
557314.357910 7133590.000000 243.227264
557315.481934 7133590.000000 244.760345
557316.606445 7133590.000000 246.293442
557317.730469 7133590.000000 247.826523
557318.854980 7133590.000000 249.359619
557319.979004 7133590.000000 250.892700
557321.804199 7133590.000000 251.111710
557323.629395 7133590.000000 251.330719
557325.454590 7133590.000000 251.549728
557327.279297 7133590.000000 251.768738
557329.104492 7133590.000000 251.987747
557330.929688 7133590.000000 252.206757
557332.754883 7133590.000000 252.425766
557334.613281 7133590.000000 252.425766
557336.471680 7133590.000000 252.425766
557338.329590 7133590.000000 252.425766
557340.187988 7133590.000000 252.425766
557342.046387 7133590.000000 252.425766
557343.904785 7133590.000000 252.425766
557345.763184 7133590.000000 252.425766
557347.621582 7133590.000000 252.425766
557349.479492 7133590.000000 252.425766
557351.337891 7133590.000000 252.425766
557353.196289 7133590.000000 252.425766
557355.027344 7133590.000000 252.894211
557356.858398 7133590.000000 253.362656
557358.689941 7133590.000000 253.831100
557360.520996 7133590.000000 254.299545
557362.352051 7133590.000000 254.767990
557364.183594 7133590.000000 255.236450
557366.014648 7133590.000000 255.704895
557367.845703 7133590.000000 256.173340
557369.676758 7133590.000000 256.641785
557371.507813 7133590.000000 257.110229
557373.339355 7133590.000000 257.578674
557375.170410 7133590.000000 258.047119
557376.128418 7133590.000000 259.580200
557377.086914 7133590.000000 261.113281
557378.044922 7133590.000000 262.646362
557379.002930 7133590.000000 264.179443
557379.961426 7133590.000000 265.712555
557380.919434 7133590.000000 267.245636
557381.877930 7133590.000000 268.778717
557382.835938 7133590.000000 270.311798
557383.261719 7133590.000000 272.228149
557383.687500 7133590.000000 274.144531
557384.113281 7133590.000000 276.060883
557384.539551 7133590.000000 277.977234
557384.965332 7133590.000000 279.893616
557385.391113 7133590.000000 281.809967
557385.816895 7133590.000000 283.726318
557386.242676 7133590.000000 285.642700
557386.668457 7133590.000000 287.559052
557387.094727 7133590.000000 289.475403
557387.520508 7133590.000000 291.391785
557387.946289 7133590.000000 293.308136
557389.041504 7133590.000000 294.695221
557390.136230 7133590.000000 296.082275
557391.231445 7133590.000000 297.469360
557392.326172 7133590.000000 298.856445
557393.421387 7133590.000000 300.243530
557394.516113 7133590.000000 301.630585
557395.611328 7133590.000000 303.017670
557396.633301 7133590.000000 304.614624
557397.655273 7133590.000000 306.211609
557398.677734 7133590.000000 307.808563
557399.699707 7133590.000000 309.405518
557400.721680 7133590.000000 311.002502
557401.744141 7133590.000000 312.599457
557402.766113 7133590.000000 314.196442
557403.788086 7133590.000000 315.793396
557404.980469 7133590.000000 317.198730
557406.172852 7133590.000000 318.604065
557407.365234 7133590.000000 320.009399
557408.557617 7133590.000000 321.414734
557409.750000 7133590.000000 322.820068
557410.942383 7133590.000000 324.225403
557412.134766 7133590.000000 325.630737
557413.327148 7133590.000000 327.036072
557414.519531 7133590.000000 328.441406
557415.711914 7133590.000000 329.846741
557416.904297 7133590.000000 331.252075
557418.096680 7133590.000000 332.657410
557419.374023 7133590.000000 334.126617
557420.651855 7133590.000000 335.595825
557421.929688 7133590.000000 337.065033
557423.207031 7133590.000000 338.534241
557424.484375 7133590.000000 340.003448
557425.762207 7133590.000000 341.472656
557427.040039 7133590.000000 342.941864
557428.317383 7133590.000000 344.411072
557429.850586 7133590.000000 345.433136
557431.383789 7133590.000000 346.455170
557432.916992 7133590.000000 347.477234
557434.449707 7133590.000000 348.499298
557435.982910 7133590.000000 349.521332
557437.516113 7133590.000000 350.543396
557439.176758 7133590.000000 351.118317
557440.837891 7133590.000000 351.693207
557442.498535 7133590.000000 352.268127
557444.159180 7133590.000000 352.843018
557445.820313 7133590.000000 353.417938
557447.480957 7133590.000000 353.992859
557449.142090 7133590.000000 354.567749
557450.802734 7133590.000000 355.142670
557452.700684 7133590.000000 355.726715
557454.599121 7133590.000000 356.310730
557456.497070 7133590.000000 356.894775
557458.395020 7133590.000000 357.478790
557460.292969 7133590.000000 358.062836
557462.191406 7133590.000000 358.646851
557464.089355 7133590.000000 359.230896
557465.826660 7133590.000000 360.099640
557467.564453 7133590.000000 360.968384
557469.301758 7133590.000000 361.837158
557471.039551 7133590.000000 362.705902
557472.776855 7133590.000000 363.574646
557474.514160 7133590.000000 364.443390
557476.251953 7133590.000000 365.312134
557477.989258 7133590.000000 366.180908
557479.727051 7133590.000000 367.049652
557481.464355 7133590.000000 367.918396
557482.997559 7133590.000000 369.176331
557484.530762 7133590.000000 370.434235
557486.063477 7133590.000000 371.692169
557487.596680 7133590.000000 372.950073
557489.129883 7133590.000000 374.208008
557490.663086 7133590.000000 375.465912
557492.195801 7133590.000000 376.723846
557493.729004 7133590.000000 377.981750
557495.262207 7133590.000000 379.239685
557496.795410 7133590.000000 380.497589
557498.328125 7133590.000000 381.755524
557499.861328 7133590.000000 383.013428
557501.394531 7133590.000000 384.271362
557499.708008 7133590.000000 383.504822
557498.021973 7133590.000000 382.738281
557496.335449 7133590.000000 381.971710
557494.648926 7133590.000000 381.205170
557492.962891 7133590.000000 380.438629
557491.276367 7133590.000000 379.672089
557489.589844 7133590.000000 378.905548
557487.903320 7133590.000000 378.138977
557486.217285 7133590.000000 377.372437
557484.530762 7133590.000000 376.605896
557482.683105 7133590.000000 376.409332
557480.835449 7133590.000000 376.212799
557478.987793 7133590.000000 376.016235
557477.140625 7133590.000000 375.819702
557475.292969 7133590.000000 375.623138
557473.445313 7133590.000000 375.426605
557471.597656 7133590.000000 375.230042
557469.750000 7133590.000000 375.033508
557467.902344 7133590.000000 374.836945
557466.055176 7133590.000000 374.640411
557464.207520 7133590.000000 374.443848
557462.359863 7133590.000000 374.247314
557460.512207 7133590.000000 374.050751
557458.595703 7133590.000000 374.561768
557456.679688 7133590.000000 375.072815
557454.763184 7133590.000000 375.583862
557452.846680 7133590.000000 376.094879
557450.930176 7133590.000000 376.605896
557449.013672 7133590.000000 377.116943
557447.097656 7133590.000000 377.627991
557445.181152 7133590.000000 378.139008
557443.867188 7133590.000000 379.453094
557442.553223 7133590.000000 380.767151
557441.239258 7133590.000000 382.081238
557439.924805 7133590.000000 383.395325
557438.610840 7133590.000000 384.709412
557437.296875 7133590.000000 386.023468
557435.982910 7133590.000000 387.337555
557435.088867 7133590.000000 388.998383
557434.194336 7133590.000000 390.659241
557433.299805 7133590.000000 392.320068
557432.405762 7133590.000000 393.980896
557431.511719 7133590.000000 395.641754
557430.617188 7133590.000000 397.302582
557429.722656 7133590.000000 398.963440
557428.828613 7133590.000000 400.624268
557427.636230 7133590.000000 402.157349
557426.443848 7133590.000000 403.690460
557425.251465 7133590.000000 405.223541
557423.462891 7133590.000000 404.797699
557421.674316 7133590.000000 404.371826
557419.885742 7133590.000000 403.945984
557418.096680 7133590.000000 403.520142
557416.308105 7133590.000000 403.094269
557414.519531 7133590.000000 402.668427
557284.718262 7133590.000000 173.727249
557285.308105 7133590.000000 175.574814
557285.897461 7133590.000000 177.422379
557286.487305 7133590.000000 179.269958
557287.076660 7133590.000000 181.117523
557287.666504 7133590.000000 182.965088
557288.256348 7133590.000000 184.812653
557288.845703 7133590.000000 186.660233
557289.435547 7133590.000000 188.507797
557290.025391 7133590.000000 190.355362
557290.614746 7133590.000000 192.202927
557291.204590 7133590.000000 194.050507
557291.793945 7133590.000000 195.898071
557292.383789 7133590.000000 197.745636
557292.809570 7133590.000000 199.534241
557293.235352 7133590.000000 201.322845
557293.661133 7133590.000000 203.111450
557294.086914 7133590.000000 204.900070
557294.512695 7133590.000000 206.688675
557294.938477 7133590.000000 208.477280
557296.786133 7133590.000000 208.752441
557298.633789 7133590.000000 209.027618
557300.481445 7133590.000000 209.302780
557302.328613 7133590.000000 209.577957
557304.176270 7133590.000000 209.853119
557306.023926 7133590.000000 210.128296
557307.871582 7133590.000000 210.403458
557309.719238 7133590.000000 210.678635
557311.566895 7133590.000000 210.953796
557313.414063 7133590.000000 211.228973
557315.261719 7133590.000000 211.504135
557317.109375 7133590.000000 211.779312
557318.957031 7133590.000000 212.054474
557320.843750 7133590.000000 212.329636
557322.730957 7133590.000000 212.604813
557324.617676 7133590.000000 212.879974
557326.504395 7133590.000000 213.155151
557328.391602 7133590.000000 213.430313
557330.278320 7133590.000000 213.705475
557332.165039 7133590.000000 213.980652
557334.051758 7133590.000000 214.255814
557335.938965 7133590.000000 214.530975
557337.825684 7133590.000000 214.806152
557339.712402 7133590.000000 215.081314
557341.599609 7133590.000000 215.356491
557343.486328 7133590.000000 215.631653
557345.303223 7133590.000000 215.802002
557347.120117 7133590.000000 215.972336
557348.937500 7133590.000000 216.142685
557350.754395 7133590.000000 216.313034
557352.571289 7133590.000000 216.483368
557354.388184 7133590.000000 216.653717
557356.205566 7133590.000000 216.824066
557358.022461 7133590.000000 216.994400
557359.839355 7133590.000000 217.164749
557361.599609 7133590.000000 216.426590
557363.359863 7133590.000000 215.688446
557365.120117 7133590.000000 214.950287
557366.880371 7133590.000000 214.212143
557368.640625 7133590.000000 213.473984
557370.400879 7133590.000000 212.735840
557372.161133 7133590.000000 211.997681
557373.921387 7133590.000000 211.259537
557375.681641 7133590.000000 210.521378
557377.360840 7133590.000000 209.791336
557379.039551 7133590.000000 209.061295
557380.718750 7133590.000000 208.331253
557382.397949 7133590.000000 207.601212
557384.077148 7133590.000000 206.871170
557385.755859 7133590.000000 206.141129
557387.435059 7133590.000000 205.411087
557389.274902 7133590.000000 205.206680
557391.114258 7133590.000000 205.002258
557392.954102 7133590.000000 204.797852
557394.793945 7133590.000000 204.593430
557396.633301 7133590.000000 204.389023
557398.473145 7133590.000000 204.184616
557400.312988 7133590.000000 203.980194
557402.152832 7133590.000000 203.775787
557403.992188 7133590.000000 203.571365
557405.832031 7133590.000000 203.366959
557407.705566 7133590.000000 203.196609
557409.579590 7133590.000000 203.026276
557411.453125 7133590.000000 202.855927
557413.327148 7133590.000000 202.685593
557415.200684 7133590.000000 202.515244
557417.074707 7133590.000000 202.344894
557418.948242 7133590.000000 202.174561
557420.822266 7133590.000000 202.004211
557422.695801 7133590.000000 201.833878
557424.569824 7133590.000000 201.663528
557426.443359 7133590.000000 201.493179
557428.317383 7133590.000000 201.322845
557430.190918 7133590.000000 201.152496
557432.064941 7133590.000000 200.982162
557433.938477 7133590.000000 200.811813
557435.750488 7133590.000000 200.997635
557437.562012 7133590.000000 201.183472
557439.374023 7133590.000000 201.369293
557441.186035 7133590.000000 201.555130
557442.997559 7133590.000000 201.740952
557444.809570 7133590.000000 201.926788
557446.621094 7133590.000000 202.112610
557448.433105 7133590.000000 202.298447
557450.245117 7133590.000000 202.484268
557452.056641 7133590.000000 202.670105
557453.868652 7133590.000000 202.855927
557453.868652 7133590.000000 200.969055
557453.868652 7133590.000000 199.082169
557453.868652 7133590.000000 197.195297
557453.868652 7133590.000000 195.308411
557453.868652 7133590.000000 193.421539
557453.868652 7133590.000000 191.534653
557453.868652 7133590.000000 189.647781
557453.868652 7133590.000000 187.760895
557453.868652 7133590.000000 185.874023
557453.868652 7133590.000000 183.987137
557453.868652 7133590.000000 182.100266
557453.868652 7133590.000000 180.213379
557453.868652 7133590.000000 178.326508
557451.903320 7133590.000000 178.313400
557449.937500 7133590.000000 178.300308
557447.972168 7133590.000000 178.287201
557446.006836 7133590.000000 178.274094
557444.041016 7133590.000000 178.260986
557442.075684 7133590.000000 178.247894
557440.110352 7133590.000000 178.234787
557438.144531 7133590.000000 178.221680
557436.179199 7133590.000000 178.208588
557434.213867 7133590.000000 178.195480
557432.248047 7133590.000000 178.182373
557430.282715 7133590.000000 178.169266
557428.317383 7133590.000000 178.156174
557426.351563 7133590.000000 178.143066
557424.386230 7133590.000000 178.129959
557422.420898 7133590.000000 178.116867
557420.455078 7133590.000000 178.103760
557418.489746 7133590.000000 178.090652
557416.524414 7133590.000000 178.077545
557414.558594 7133590.000000 178.064453
557412.593262 7133590.000000 178.051346
557410.627930 7133590.000000 178.038239
557408.662109 7133590.000000 178.025131
557406.696777 7133590.000000 178.012039
557404.731445 7133590.000000 177.998932
557402.765625 7133590.000000 177.985825
557400.800293 7133590.000000 177.972733
557398.834961 7133590.000000 177.959625
557396.869141 7133590.000000 177.946518
557394.903809 7133590.000000 177.933411
557392.938477 7133590.000000 177.920319
557390.972656 7133590.000000 177.907211
557389.007324 7133590.000000 177.894104
557387.041992 7133590.000000 177.881012
557385.076172 7133590.000000 177.867905
557383.110840 7133590.000000 177.854797
557381.145508 7133590.000000 177.841690
557379.179688 7133590.000000 177.828598
557377.214355 7133590.000000 177.815491
557375.258301 7133590.000000 177.674515
557373.302246 7133590.000000 177.533539
557371.346191 7133590.000000 177.392563
557369.390137 7133590.000000 177.251602
557367.434570 7133590.000000 177.110626
557365.478516 7133590.000000 176.969650
557363.522461 7133590.000000 176.828674
557361.566406 7133590.000000 176.687698
557359.610352 7133590.000000 176.546722
557357.654297 7133590.000000 176.405746
557355.698242 7133590.000000 176.264786
557353.742188 7133590.000000 176.123810
557351.786133 7133590.000000 175.982834
557349.830078 7133590.000000 175.841858
557347.874512 7133590.000000 175.700882
557345.918457 7133590.000000 175.559906
557343.962402 7133590.000000 175.418930
557342.006348 7133590.000000 175.277954
557340.050293 7133590.000000 175.136993
557338.094238 7133590.000000 174.996017
557336.138184 7133590.000000 174.855042
557334.182129 7133590.000000 174.714066
557332.226074 7133590.000000 174.573090
557330.270020 7133590.000000 174.432114
557328.314453 7133590.000000 174.291138
557326.358398 7133590.000000 174.150177
557324.402344 7133590.000000 174.009201
557322.446289 7133590.000000 173.868225
557320.490234 7133590.000000 173.727249
557318.573730 7133590.000000 173.695313
557316.657715 7133590.000000 173.663376
557314.741211 7133590.000000 173.631439
557312.824707 7133590.000000 173.599487
557310.908691 7133590.000000 173.567551
557308.992188 7133590.000000 173.535614
557307.075684 7133590.000000 173.503677
557305.159180 7133590.000000 173.471741
557303.243164 7133590.000000 173.439804
557301.326660 7133590.000000 173.407867
557299.410156 7133590.000000 173.375931
557297.494141 7133590.000000 173.343994
557295.577637 7133590.000000 173.312042
557293.661133 7133590.000000 173.280106
557291.745117 7133590.000000 173.248169
557289.828613 7133590.000000 173.216232
557453.868652 7133590.000000 202.855927
557453.846680 7133590.000000 204.833389
557453.824219 7133590.000000 206.810852
557453.801758 7133590.000000 208.788315
557453.779785 7133590.000000 210.765778
557453.757813 7133590.000000 212.743240
557453.735352 7133590.000000 214.720688
557453.712891 7133590.000000 216.698151
557453.690918 7133590.000000 218.675613
557453.668945 7133590.000000 220.653076
557453.646484 7133590.000000 222.630539
557453.624023 7133590.000000 224.608002
557453.602051 7133590.000000 226.585464
557453.580078 7133590.000000 228.562927
557453.557617 7133590.000000 230.540390
557453.535156 7133590.000000 232.517853
557453.513184 7133590.000000 234.495316
557453.491211 7133590.000000 236.472778
557453.468750 7133590.000000 238.450226
557453.446289 7133590.000000 240.427689
557453.424316 7133590.000000 242.405151
557453.402344 7133590.000000 244.382614
557453.379883 7133590.000000 246.360077
557453.357422 7133590.000000 248.337540
557453.335449 7133590.000000 250.315002
557453.313477 7133590.000000 252.292465
557453.291016 7133590.000000 254.269928
557453.268555 7133590.000000 256.247375
557453.246582 7133590.000000 258.224854
557453.224609 7133590.000000 260.202301
557453.202148 7133590.000000 262.179779
557453.179688 7133590.000000 264.157227
557453.157715 7133590.000000 266.134705
557453.135742 7133590.000000 268.112152
557453.113281 7133590.000000 270.089630
557453.090820 7133590.000000 272.067078
557453.068848 7133590.000000 274.044525
557453.046875 7133590.000000 276.022003
557453.024414 7133590.000000 277.999451
557453.001953 7133590.000000 279.976929
557452.979980 7133590.000000 281.954376
557452.958008 7133590.000000 283.931854
557452.935547 7133590.000000 285.909302
557452.913086 7133590.000000 287.886780
557452.891113 7133590.000000 289.864227
557452.869141 7133590.000000 291.841705
557452.846680 7133590.000000 293.819153
557451.006836 7133590.000000 293.614746
557449.167480 7133590.000000 293.410339
557447.327637 7133590.000000 293.205902
557445.487793 7133590.000000 293.001495
557443.647949 7133590.000000 292.797089
557441.808594 7133590.000000 292.592682
557439.968750 7133590.000000 292.388275
557438.128906 7133590.000000 292.183838
557436.289551 7133590.000000 291.979431
557434.449707 7133590.000000 291.775024
557432.618652 7133590.000000 291.306580
557430.787109 7133590.000000 290.838135
557428.956055 7133590.000000 290.369690
557427.125000 7133590.000000 289.901245
557425.293945 7133590.000000 289.432800
557423.462891 7133590.000000 288.964355
557421.631348 7133590.000000 288.495941
557419.800293 7133590.000000 288.027496
557417.969238 7133590.000000 287.559052
557416.137695 7133590.000000 287.090607
557414.306641 7133590.000000 286.622162
557412.475586 7133590.000000 286.153717
557410.756836 7133590.000000 285.410400
557409.037598 7133590.000000 284.667084
557407.318848 7133590.000000 283.923767
557405.600098 7133590.000000 283.180450
557403.880859 7133590.000000 282.437134
557402.162109 7133590.000000 281.693848
557400.442871 7133590.000000 280.950531
557398.724121 7133590.000000 280.207214
557397.005371 7133590.000000 279.463898
557395.286133 7133590.000000 278.720581
557393.567383 7133590.000000 277.977264
557392.034180 7133590.000000 276.882202
557390.501465 7133590.000000 275.787140
557388.968262 7133590.000000 274.692078
557387.435059 7133590.000000 273.596985
557385.901855 7133590.000000 272.501923
557384.369141 7133590.000000 271.406860
557382.835938 7133590.000000 270.311798
557453.868652 7133590.000000 202.855927
557453.846680 7133590.000000 204.833389
557453.824219 7133590.000000 206.810852
557453.801758 7133590.000000 208.788315
557453.779785 7133590.000000 210.765778
557453.757813 7133590.000000 212.743240
557453.735352 7133590.000000 214.720688
557453.712891 7133590.000000 216.698151
557453.690918 7133590.000000 218.675613
557453.668945 7133590.000000 220.653076
557453.646484 7133590.000000 222.630539
557453.624023 7133590.000000 224.608002
557453.602051 7133590.000000 226.585464
557453.580078 7133590.000000 228.562927
557453.557617 7133590.000000 230.540390
557453.535156 7133590.000000 232.517853
557453.513184 7133590.000000 234.495316
557453.491211 7133590.000000 236.472778
557453.468750 7133590.000000 238.450226
557453.446289 7133590.000000 240.427689
557453.424316 7133590.000000 242.405151
557453.402344 7133590.000000 244.382614
557453.379883 7133590.000000 246.360077
557453.357422 7133590.000000 248.337540
557453.335449 7133590.000000 250.315002
557453.313477 7133590.000000 252.292465
557453.291016 7133590.000000 254.269928
557453.268555 7133590.000000 256.247375
557453.246582 7133590.000000 258.224854
557453.224609 7133590.000000 260.202301
557453.202148 7133590.000000 262.179779
557453.179688 7133590.000000 264.157227
557453.157715 7133590.000000 266.134705
557453.135742 7133590.000000 268.112152
557453.113281 7133590.000000 270.089630
557453.090820 7133590.000000 272.067078
557453.068848 7133590.000000 274.044525
557453.046875 7133590.000000 276.022003
557453.024414 7133590.000000 277.999451
557453.001953 7133590.000000 279.976929
557452.979980 7133590.000000 281.954376
557452.958008 7133590.000000 283.931854
557452.935547 7133590.000000 285.909302
557452.913086 7133590.000000 287.886780
557452.891113 7133590.000000 289.864227
557452.869141 7133590.000000 291.841705
557452.846680 7133590.000000 293.819153
557451.006836 7133590.000000 293.614746
557449.167480 7133590.000000 293.410339
557447.327637 7133590.000000 293.205902
557445.487793 7133590.000000 293.001495
557443.647949 7133590.000000 292.797089
557441.808594 7133590.000000 292.592682
557439.968750 7133590.000000 292.388275
557438.128906 7133590.000000 292.183838
557436.289551 7133590.000000 291.979431
557434.449707 7133590.000000 291.775024
557432.618652 7133590.000000 291.306580
557430.787109 7133590.000000 290.838135
557428.956055 7133590.000000 290.369690
557427.125000 7133590.000000 289.901245
557425.293945 7133590.000000 289.432800
557423.462891 7133590.000000 288.964355
557421.631348 7133590.000000 288.495941
557419.800293 7133590.000000 288.027496
557417.969238 7133590.000000 287.559052
557416.137695 7133590.000000 287.090607
557414.306641 7133590.000000 286.622162
557412.475586 7133590.000000 286.153717
557410.756836 7133590.000000 285.410400
557409.037598 7133590.000000 284.667084
557407.318848 7133590.000000 283.923767
557405.600098 7133590.000000 283.180450
557403.880859 7133590.000000 282.437134
557402.162109 7133590.000000 281.693848
557400.442871 7133590.000000 280.950531
557398.724121 7133590.000000 280.207214
557397.005371 7133590.000000 279.463898
557395.286133 7133590.000000 278.720581
557393.567383 7133590.000000 277.977264
557392.034180 7133590.000000 276.882202
557390.501465 7133590.000000 275.787140
557388.968262 7133590.000000 274.692078
557387.435059 7133590.000000 273.596985
557385.901855 7133590.000000 272.501923
557384.369141 7133590.000000 271.406860
557382.835938 7133590.000000 270.311798
557502.927734 7133590.000000 385.804443
557504.652344 7133590.000000 386.634857
557506.376953 7133590.000000 387.465271
557508.102051 7133590.000000 388.295715
557509.826660 7133590.000000 389.126129
557511.551270 7133590.000000 389.956543
557513.276367 7133590.000000 390.786987
557515.000977 7133590.000000 391.617401
557516.725586 7133590.000000 392.447815
557518.258789 7133590.000000 393.597626
557519.791992 7133590.000000 394.747437
557521.324707 7133590.000000 395.897278
557522.857910 7133590.000000 397.047089
557524.391113 7133590.000000 398.196899
557525.923828 7133590.000000 399.346741
557527.457031 7133590.000000 400.496552
557528.990234 7133590.000000 401.646362
557530.785156 7133590.000000 402.310303
557532.580566 7133590.000000 402.974243
557534.375977 7133590.000000 403.638153
557536.170898 7133590.000000 404.302094
557537.695313 7133590.000000 403.587189
557539.219238 7133590.000000 402.872284
557540.743652 7133590.000000 402.157379
557539.338379 7133590.000000 400.815918
557537.933105 7133590.000000 399.474487
557536.527832 7133590.000000 398.133026
557535.122070 7133590.000000 396.791565
557533.716797 7133590.000000 395.450104
557532.311523 7133590.000000 394.108643
557530.906250 7133590.000000 392.767212
557529.500977 7133590.000000 391.425751
557528.551758 7133590.000000 389.673645
557527.603027 7133590.000000 387.921539
557526.653809 7133590.000000 386.169434
557525.705078 7133590.000000 384.417358
557524.755859 7133590.000000 382.665253
557523.807129 7133590.000000 380.913147
557522.857910 7133590.000000 379.161041
557521.364258 7133590.000000 377.981750
557519.870117 7133590.000000 376.802460
557518.376465 7133590.000000 375.623138
557516.882813 7133590.000000 374.443848
557515.388672 7133590.000000 373.264557
557513.895020 7133590.000000 372.085266
557512.401367 7133590.000000 370.905945
557510.907715 7133590.000000 369.726654
557509.413574 7133590.000000 368.547363
557507.919922 7133590.000000 367.368073
557506.426270 7133590.000000 366.188751
557504.932129 7133590.000000 365.009460
557503.438477 7133590.000000 363.830170
557501.787598 7133590.000000 362.768799
557500.136719 7133590.000000 361.707428
557498.485352 7133590.000000 360.646057
557496.834473 7133590.000000 359.584717
557495.183594 7133590.000000 358.523346
557493.532715 7133590.000000 357.461975
557491.881348 7133590.000000 356.400604
557490.230469 7133590.000000 355.339233
557488.579590 7133590.000000 354.277863
557486.928711 7133590.000000 353.216522
557485.277344 7133590.000000 352.155151
557483.626465 7133590.000000 351.093781
557481.975586 7133590.000000 350.032410
557480.271973 7133590.000000 349.112549
557478.568848 7133590.000000 348.192688
557476.865234 7133590.000000 347.272858
557475.161621 7133590.000000 346.352997
557473.458496 7133590.000000 345.433136
557471.754883 7133590.000000 344.513275
557470.051270 7133590.000000 343.593414
557468.348145 7133590.000000 342.673584
557466.644531 7133590.000000 341.753723
557464.940918 7133590.000000 340.833862
557463.237793 7133590.000000 339.914001
557461.534180 7133590.000000 338.994141
557459.830566 7133590.000000 338.074310
557458.127441 7133590.000000 337.154449
557456.423828 7133590.000000 336.234589
557454.699219 7133590.000000 335.531921
557452.974609 7133590.000000 334.829254
557451.249512 7133590.000000 334.126587
557449.524902 7133590.000000 333.423950
557447.800293 7133590.000000 332.721283
557446.075195 7133590.000000 332.018616
557444.350586 7133590.000000 331.315948
557442.625977 7133590.000000 330.613281
557440.709961 7133590.000000 330.741028
557438.793457 7133590.000000 330.868774
557436.876953 7133590.000000 330.996552
557434.960938 7133590.000000 331.124298
557433.541504 7133590.000000 329.875122
557432.122070 7133590.000000 328.625946
557430.702148 7133590.000000 327.376740
557429.282715 7133590.000000 326.127563
557427.863281 7133590.000000 324.878387
557426.443848 7133590.000000 323.629211
557425.023926 7133590.000000 322.380005
557423.604492 7133590.000000 321.130829
557422.185059 7133590.000000 319.881653
557420.617676 7133590.000000 318.791443
557419.050781 7133590.000000 317.701263
557417.483398 7133590.000000 316.611053
557415.916504 7133590.000000 315.520874
557414.349121 7133590.000000 314.430664
557412.782227 7133590.000000 313.340485
557411.214844 7133590.000000 312.250275
557409.647949 7133590.000000 311.160095
557408.080566 7133590.000000 310.069885
557406.513672 7133590.000000 308.979706
557404.946289 7133590.000000 307.889496
557403.379395 7133590.000000 306.799316
557401.812012 7133590.000000 305.709106
557400.245117 7133590.000000 304.618927
557398.677734 7133590.000000 303.528717
557128.313477 7133590.000000 423.893829
557130.303711 7133590.000000 423.933807
557132.293945 7133590.000000 423.973785
557134.284180 7133590.000000 424.013763
557136.274414 7133590.000000 424.053741
557138.264648 7133590.000000 424.093719
557140.255371 7133590.000000 424.133667
557142.245605 7133590.000000 424.173645
557144.235840 7133590.000000 424.213623
557146.226074 7133590.000000 424.253601
557148.216309 7133590.000000 424.293579
557150.206543 7133590.000000 424.333557
557152.196777 7133590.000000 424.373535
557154.187012 7133590.000000 424.413513
557156.177246 7133590.000000 424.453491
557158.167480 7133590.000000 424.493469
557160.158203 7133590.000000 424.533417
557162.148438 7133590.000000 424.573395
557164.138672 7133590.000000 424.613373
557166.128906 7133590.000000 424.653351
557168.119141 7133590.000000 424.693329
557170.071777 7133590.000000 424.671387
557172.024902 7133590.000000 424.649445
557173.977539 7133590.000000 424.627502
557175.930176 7133590.000000 424.605560
557177.883301 7133590.000000 424.583618
557179.835938 7133590.000000 424.561676
557181.788574 7133590.000000 424.539734
557183.741211 7133590.000000 424.517792
557185.694336 7133590.000000 424.495850
557187.646973 7133590.000000 424.473907
557189.599609 7133590.000000 424.451965
557191.552734 7133590.000000 424.430023
557193.505371 7133590.000000 424.408081
557195.458008 7133590.000000 424.386139
557197.411133 7133590.000000 424.364197
557199.363770 7133590.000000 424.342255
557201.316406 7133590.000000 424.320313
557203.269043 7133590.000000 424.298370
557205.222168 7133590.000000 424.276428
557207.174805 7133590.000000 424.254486
557209.128906 7133590.000000 424.266174
557211.083496 7133590.000000 424.277893
557213.037598 7133590.000000 424.289581
557214.991699 7133590.000000 424.301300
557216.946289 7133590.000000 424.312988
557218.900391 7133590.000000 424.324707
557220.854492 7133590.000000 424.336395
557222.809082 7133590.000000 424.348114
557224.763184 7133590.000000 424.359802
557226.717285 7133590.000000 424.371521
557228.671875 7133590.000000 424.383209
557230.625977 7133590.000000 424.394928
557232.580078 7133590.000000 424.406616
557234.534180 7133590.000000 424.418335
557236.488770 7133590.000000 424.430023
557238.442871 7133590.000000 424.441742
557240.396973 7133590.000000 424.453430
557242.351563 7133590.000000 424.465149
557244.305664 7133590.000000 424.476837
557246.259766 7133590.000000 424.488556
557248.214355 7133590.000000 424.500244
557250.168457 7133590.000000 424.511963
557252.122559 7133590.000000 424.523651
557254.077148 7133590.000000 424.535370
557256.031250 7133590.000000 424.547058
557258.023926 7133590.000000 424.543884
557260.017090 7133590.000000 424.540680
557262.009766 7133590.000000 424.537476
557264.002930 7133590.000000 424.534302
557265.995605 7133590.000000 424.531128
557267.988281 7133590.000000 424.527924
557269.981445 7133590.000000 424.524719
557271.974121 7133590.000000 424.521545
557273.967285 7133590.000000 424.518372
557275.959961 7133590.000000 424.515167
557277.952637 7133590.000000 424.511963
557279.945801 7133590.000000 424.508789
557281.938477 7133590.000000 424.505615
557283.931641 7133590.000000 424.502411
557285.924316 7133590.000000 424.499207
557287.916992 7133590.000000 424.496033
557289.910156 7133590.000000 424.492859
557291.902832 7133590.000000 424.489655
557293.895996 7133590.000000 424.486450
557295.888672 7133590.000000 424.483276
557297.829590 7133590.000000 424.472015
557299.770508 7133590.000000 424.460785
557301.711426 7133590.000000 424.449524
557303.652344 7133590.000000 424.438263
557305.593750 7133590.000000 424.427032
557307.534668 7133590.000000 424.415771
557309.475586 7133590.000000 424.404510
557311.416504 7133590.000000 424.393250
557313.357422 7133590.000000 424.382019
557315.298340 7133590.000000 424.370758
557317.239258 7133590.000000 424.359497
557319.180176 7133590.000000 424.348267
557321.121582 7133590.000000 424.337006
557323.062500 7133590.000000 424.325745
557325.003418 7133590.000000 424.314514
557326.944336 7133590.000000 424.303253
557328.885254 7133590.000000 424.291992
557330.826172 7133590.000000 424.280762
557332.767090 7133590.000000 424.269501
557334.708008 7133590.000000 424.258240
557336.648926 7133590.000000 424.246979
557338.590332 7133590.000000 424.235748
557340.531250 7133590.000000 424.224487
557342.472168 7133590.000000 424.213226
557344.413086 7133590.000000 424.201996
557346.354004 7133590.000000 424.190735
557348.302734 7133590.000000 424.225433
557350.251465 7133590.000000 424.260101
557352.200195 7133590.000000 424.294800
557354.148926 7133590.000000 424.329498
557356.097168 7133590.000000 424.364197
557358.045898 7133590.000000 424.398865
557359.994629 7133590.000000 424.433563
557361.943359 7133590.000000 424.468262
557363.892090 7133590.000000 424.502960
557365.840820 7133590.000000 424.537628
557367.789551 7133590.000000 424.572327
557369.738281 7133590.000000 424.607025
557371.687012 7133590.000000 424.641724
557373.635742 7133590.000000 424.676392
557375.583984 7133590.000000 424.711090
557377.532715 7133590.000000 424.745789
557379.481445 7133590.000000 424.780487
557381.430176 7133590.000000 424.815155
557383.378906 7133590.000000 424.849854
557385.327637 7133590.000000 424.884552
557387.276367 7133590.000000 424.919220
557389.225098 7133590.000000 424.953918
557391.173828 7133590.000000 424.988617
557393.122070 7133590.000000 425.023315
557395.070801 7133590.000000 425.057983
557397.019531 7133590.000000 425.092682
557398.968262 7133590.000000 425.127380
557400.916992 7133590.000000 425.162079
557402.865723 7133590.000000 425.196747
557404.814453 7133590.000000 425.231445
557406.763184 7133590.000000 425.266144
557408.711914 7133590.000000 425.300842
557410.660645 7133590.000000 425.335510
557412.608887 7133590.000000 425.370209
557414.557617 7133590.000000 425.404907
557416.506348 7133590.000000 425.439606
557418.455078 7133590.000000 425.474274
557420.403809 7133590.000000 425.508972
557419.694336 7133590.000000 424.178558
557418.984375 7133590.000000 422.848114
557418.274902 7133590.000000 421.517700
557416.810059 7133590.000000 420.820618
557415.345215 7133590.000000 420.123566
557413.879883 7133590.000000 419.426483
557412.415039 7133590.000000 418.729431
557410.950195 7133590.000000 418.032349
557409.023438 7133590.000000 417.990509
557407.096680 7133590.000000 417.948639
557405.169922 7133590.000000 417.906799
557403.243164 7133590.000000 417.864929
557401.316406 7133590.000000 417.823090
557399.389648 7133590.000000 417.781219
557397.462402 7133590.000000 417.739380
557395.535645 7133590.000000 417.697510
557393.608887 7133590.000000 417.655670
557391.682129 7133590.000000 417.613800
557389.755371 7133590.000000 417.571960
557387.828613 7133590.000000 417.530090
557385.901855 7133590.000000 417.488251
557383.985352 7133590.000000 417.462708
557382.069336 7133590.000000 417.437134
557380.152832 7133590.000000 417.411591
557378.236328 7133590.000000 417.386047
557376.320313 7133590.000000 417.360504
557374.403809 7133590.000000 417.334961
557372.487305 7133590.000000 417.309387
557370.570801 7133590.000000 417.283844
557368.654785 7133590.000000 417.258301
557366.738281 7133590.000000 417.232727
557364.821777 7133590.000000 417.207184
557362.905762 7133590.000000 417.181641
557360.989258 7133590.000000 417.156097
557359.072754 7133590.000000 417.130554
557357.156738 7133590.000000 417.104980
557355.240234 7133590.000000 417.079437
557353.323730 7133590.000000 417.053894
557351.407227 7133590.000000 417.028320
557349.491211 7133590.000000 417.002777
557347.574707 7133590.000000 416.977234
557345.603516 7133590.000000 417.025909
557343.632324 7133590.000000 417.074585
557341.661621 7133590.000000 417.123230
557339.690430 7133590.000000 417.171906
557337.719238 7133590.000000 417.220581
557335.748047 7133590.000000 417.269257
557333.776855 7133590.000000 417.317902
557331.806152 7133590.000000 417.366577
557329.834961 7133590.000000 417.415253
557327.863770 7133590.000000 417.463928
557325.892578 7133590.000000 417.512573
557323.921387 7133590.000000 417.561249
557321.950195 7133590.000000 417.609924
557319.979492 7133590.000000 417.658600
557318.008301 7133590.000000 417.707245
557316.037109 7133590.000000 417.755920
557314.065918 7133590.000000 417.804596
557312.094727 7133590.000000 417.853271
557310.124023 7133590.000000 417.901917
557308.152832 7133590.000000 417.950592
557306.181641 7133590.000000 417.999268
557304.227539 7133590.000000 417.999268
557302.273926 7133590.000000 417.999268
557300.319824 7133590.000000 417.999268
557298.365723 7133590.000000 417.999268
557296.411621 7133590.000000 417.999268
557294.458008 7133590.000000 417.999268
557292.503906 7133590.000000 417.999268
557290.549805 7133590.000000 417.999268
557288.596191 7133590.000000 417.999268
557286.642090 7133590.000000 417.999268
557284.687988 7133590.000000 417.999268
557282.734375 7133590.000000 417.999268
557280.780273 7133590.000000 417.999268
557278.826172 7133590.000000 417.999268
557276.872070 7133590.000000 417.999268
557274.918457 7133590.000000 417.999268
557272.964355 7133590.000000 417.999268
557271.038086 7133590.000000 418.038574
557269.111816 7133590.000000 418.077881
557267.185547 7133590.000000 418.117188
557265.259766 7133590.000000 418.156525
557263.333496 7133590.000000 418.195831
557261.407227 7133590.000000 418.235138
557259.480957 7133590.000000 418.274445
557257.554688 7133590.000000 418.313751
557255.628418 7133590.000000 418.353058
557253.702637 7133590.000000 418.392395
557251.776367 7133590.000000 418.431702
557249.850098 7133590.000000 418.471008
557247.923828 7133590.000000 418.510315
557245.981934 7133590.000000 418.510315
557244.040039 7133590.000000 418.510315
557242.098145 7133590.000000 418.510315
557240.156250 7133590.000000 418.510315
557238.214355 7133590.000000 418.510315
557236.272461 7133590.000000 418.510315
557234.330566 7133590.000000 418.510315
557232.388672 7133590.000000 418.510315
557230.446777 7133590.000000 418.510315
557228.504883 7133590.000000 418.510315
557226.562988 7133590.000000 418.510315
557224.621094 7133590.000000 418.510315
557222.679199 7133590.000000 418.510315
557220.737305 7133590.000000 418.510315
557218.795410 7133590.000000 418.510315
557216.873047 7133590.000000 418.437317
557214.950684 7133590.000000 418.364319
557213.027832 7133590.000000 418.291290
557211.105469 7133590.000000 418.218292
557209.183105 7133590.000000 418.145294
557207.260742 7133590.000000 418.072296
557205.338379 7133590.000000 417.999298
557203.415527 7133590.000000 417.926270
557201.493164 7133590.000000 417.853271
557199.570801 7133590.000000 417.780273
557197.648438 7133590.000000 417.707275
557195.726074 7133590.000000 417.634277
557193.803711 7133590.000000 417.561279
557191.880859 7133590.000000 417.488251
557189.958496 7133590.000000 417.415253
557188.036133 7133590.000000 417.342255
557186.113770 7133590.000000 417.269257
557184.191406 7133590.000000 417.196259
557182.268555 7133590.000000 417.123230
557180.346191 7133590.000000 417.050232
557178.423828 7133590.000000 416.977234
557176.521484 7133590.000000 417.090790
557174.619629 7133590.000000 417.204346
557172.717285 7133590.000000 417.317932
557170.815430 7133590.000000 417.431488
557168.913086 7133590.000000 417.545044
557167.010742 7133590.000000 417.658600
557165.108887 7133590.000000 417.772186
557163.206543 7133590.000000 417.885742
557161.304199 7133590.000000 417.999298
557159.402344 7133590.000000 418.112854
557157.500000 7133590.000000 418.226410
557155.598145 7133590.000000 418.339996
557153.695801 7133590.000000 418.453552
557151.793457 7133590.000000 418.567108
557149.891602 7133590.000000 418.680664
557147.989258 7133590.000000 418.794250
557146.087402 7133590.000000 418.907806
557144.185059 7133590.000000 419.021362
557142.311523 7133590.000000 418.907806
557140.437500 7133590.000000 418.794220
557138.563965 7133590.000000 418.680664
557136.689941 7133590.000000 418.567108
557134.816406 7133590.000000 418.453522
557132.942383 7133590.000000 418.339966
557131.068848 7133590.000000 418.226410
557129.194824 7133590.000000 418.112823
557127.321289 7133590.000000 417.999268
557530.800781 7133590.000000 389.830048
557530.318359 7133590.000000 388.237823
557529.835938 7133590.000000 386.645599
557529.353027 7133590.000000 385.053345
557528.870605 7133590.000000 383.461121
557528.388184 7133590.000000 381.868896
557527.112793 7133590.000000 380.524811
557525.837891 7133590.000000 379.180725
557524.562500 7133590.000000 377.836639
557523.287598 7133590.000000 376.492523
557522.012207 7133590.000000 375.148438
557520.737305 7133590.000000 373.804352
557519.461914 7133590.000000 372.460266
557517.936523 7133590.000000 371.363464
557516.410645 7133590.000000 370.266632
557514.884766 7133590.000000 369.169830
557513.359375 7133590.000000 368.072998
557511.833984 7133590.000000 366.976196
557510.308105 7133590.000000 365.879395
557508.782227 7133590.000000 364.782562
557507.256836 7133590.000000 363.685760
557505.731445 7133590.000000 362.588928
557504.205566 7133590.000000 361.492126
557503.194824 7133590.000000 360.193268
557502.184082 7133590.000000 358.894409
557501.173340 7133590.000000 357.595581
557500.162598 7133590.000000 356.296722
557498.835938 7133590.000000 355.150818
557497.508789 7133590.000000 354.004883
557496.181641 7133590.000000 352.858948
557494.854980 7133590.000000 351.713043
557493.946289 7133590.000000 350.202820
557493.037598 7133590.000000 348.692596
557492.128418 7133590.000000 347.182404
557491.219727 7133590.000000 345.672180
557490.311035 7133590.000000 344.161957
557489.402344 7133590.000000 342.651733
557488.139648 7133590.000000 341.387604
557486.877441 7133590.000000 340.123474
557485.615234 7133590.000000 338.859375
557484.352539 7133590.000000 337.595245
557483.089844 7133590.000000 336.331116
557481.827637 7133590.000000 335.066986
557480.812500 7133590.000000 333.677124
557479.797363 7133590.000000 332.287262
557478.782715 7133590.000000 330.897430
557477.767578 7133590.000000 329.507568
557476.752441 7133590.000000 328.117706
557475.789551 7133590.000000 326.960083
557474.827148 7133590.000000 325.802429
557473.864258 7133590.000000 324.644775
557472.901367 7133590.000000 323.487152
557471.330078 7133590.000000 322.313904
557469.758789 7133590.000000 321.140656
557468.187012 7133590.000000 319.967407
557466.615723 7133590.000000 318.794159
557465.044434 7133590.000000 317.620911
557463.479492 7133590.000000 316.478180
557461.914551 7133590.000000 315.335449
557460.350098 7133590.000000 314.192749
557458.785156 7133590.000000 313.050018
557457.220215 7133590.000000 311.907288
557456.014160 7133590.000000 310.640747
557454.807617 7133590.000000 309.374207
557453.601563 7133590.000000 308.107635
557452.395508 7133590.000000 306.841095
557452.529785 7133590.000000 305.074402
557452.664551 7133590.000000 303.307678
557452.798828 7133590.000000 301.540985
557452.933105 7133590.000000 299.774261
557453.067383 7133590.000000 298.007568
557453.202148 7133590.000000 296.240845
557453.336426 7133590.000000 294.474152
